0
0.0179735
0.017534
0.0160715
0.0107748
0.0197731
0.00691874
0.00525309
0.00594808
0.00632817
0.00562242
0.0103133
0.0148731
0.00418194
0.0160539
0.00769338
0.0034073
0.0105773
0.0201654
0.0156488
0.00977557
0.0177913
0.02434
0.00804007
0.0143876
0.00916254
0.0241166
0.0173373
0.0292978
0.020341
0.0414652
0.0438135
0.0460794
0.0345473
0.0523747
0.0394836
0.0588337
0.0518157
0.0640126
0.0668773
0.057446
0.0674049
0.0906826
0.0634541
0.0805547
0.0926745
0.103257
0.0894011
0.102798
0.128739
0.10913
0.120138
0.136694
0.14091
0.140053
0.159339
0.170505
0.14652
0.183966
0.203589
0.211357
0.214384
0.228311
0.213748
0.237146
0.270631
0.250734
0.274471
0.285871
0.305413
0.304171
0.319491
0.340988
0.365358
0.363859
0.366124
0.39887
0.39842
0.408688
0.435109
0.436251
0.461381
0.468796
0.488252
0.500809
0.511741
0.548864
0.545731
0.574988
0.605678
0.632239
0.623503
0.662053
0.69502
0.696857
0.715055
0.752986
0.759234
0.778275
0.823542
0.82858
0.870381
0.884359
0.901175
0.928322
0.955332
0.984839
1.02149
1.0514
1.07531
1.1006
1.14709
1.14381
1.17742
1.21852
1.23739
1.27418
1.31375
1.34114
1.34775
1.392
1.43676
1.47722
1.48966
1.51827
1.56998
1.59786
1.63202
1.64113
1.69481
1.73179
1.76711
1.82474
1.85456
1.86493
1.91935
1.95191
1.98525
2.04479
2.05881
2.08495
2.13551
2.17521
2.18746
2.24854
2.27987
2.32388
2.35786
2.39391
2.42852
2.45985
2.51446
2.55409
2.57108
2.61711
2.65161
2.69302
2.73464
2.76901
2.82343
2.85452
2.91166
2.913
2.94568
3.00442
3.05522
3.09162
3.13752
3.15665
3.2068
3.24329
3.26693
3.34234
3.35554
3.41718
3.44867
3.49144
3.53091
3.58525
3.61187
3.6577
3.7094
3.74871
3.76602
3.81486
3.84904
3.8878
3.94227
3.96402
4.01598
4.04902
4.09666
4.1418
4.1705
4.20299
4.24634
4.29596
4.325
4.37058
4.40167
4.44424
4.48243
4.52288
4.58116
4.59704
4.62466
4.68232
4.70187
4.76073
4.78794
4.81923
4.85415
4.9006
4.91658
4.95148
4.97529
4.9752
5.00295
5.03022
5.01692
5.05325
5.04818
5.06384
5.07319
5.06132
5.04987
5.08325
5.06043
5.07278
5.07596
5.05687
5.06861
5.06224
5.07071
5.05632
5.0717
5.0486
5.04891
5.04985
5.07739
5.06346
5.05611
5.0425
5.06477
5.07229
5.04753
5.06298
5.07639
5.04447
5.06998
5.05064
5.06922
5.05761
5.05386
5.06603
5.0768
5.07713
5.04588
5.05253
5.07698
5.06272
5.06702
5.06975
5.07293
5.05942
5.07925
5.05086
5.05213
5.0802
5.06912
5.06613
5.06328
5.06263
5.069
5.05746
5.0503
5.06292
5.046
5.06939
5.06699
5.06259
5.05877
5.06351
5.06596
5.05928
5.05577
5.06012
5.05031
5.06525
5.05272
5.06161
5.0559
5.06406
5.07506
5.04545
5.06854
5.06704
5.04886
5.05495
5.07565
5.08187
5.04646
5.05649
5.05219
5.05781
5.05743
5.05557
5.07242
5.06587
5.06463
5.06086
5.04794
5.03795
5.05603
5.05835
5.0631
5.06686
5.04207
5.06183
5.06731
5.02093
5.05167
5.07664
5.07118
5.06247
5.04841
5.05636
5.05371
5.07539
5.03693
5.04615
5.03905
5.04211
5.04065
5.05617
5.04861
5.03043
5.05551
5.06516
5.05722
5.05876
5.0502
5.05397
5.03518
5.04363
5.05592
5.04141
5.05482
5.05436
5.03917
5.04954
5.07125
5.06978
5.06451
5.06369
5.03383
5.05235
5.05918
5.04607
5.05218
5.03447
5.05828
5.06074
5.02847
5.04348
5.05303
5.03675
5.05136
5.05318
5.04967
5.04316
5.03136
5.04489
5.05582
5.04096
5.04242
5.04798
5.05303
5.06174
5.05579
5.05551
5.0651
5.0366
5.03572
5.05563
5.05137
5.05183
5.0598
5.04392
5.04269
5.05143
5.06352
5.04822
5.05726
5.05451
5.04391
5.04619
5.04287
5.05394
5.04322
5.05272
5.03817
5.03258
5.03769
5.06472
5.03178
5.04493
5.0636
5.04598
5.03743
5.03494
5.04942
5.04218
5.05768
5.0475
5.06455
5.05546
5.05035
5.05477
5.04298
5.0648
5.05022
5.04584
5.05199
5.0464
5.0385
5.04561
5.03661
5.02752
5.0326
5.04746
5.04395
5.04861
5.03937
5.03769
5.04871
5.05639
5.05045
5.02988
5.04119
5.05472
5.06279
5.03392
5.04317
5.05327
5.04363
5.03718
5.04553
5.04358
5.00776
5.05228
5.04661
5.03253
5.05366
5.02214
5.02697
5.03988
5.04768
5.04708
5.05922
5.04727
5.04043
5.05897
5.05215
5.03927
5.04672
5.03443
5.04905
5.05371
5.05136
5.058
5.0359
5.0317
5.0356
5.03456
5.0526
5.04522
5.04524
5.05128
5.03802
5.03719
5.04011
5.05356
5.04156
5.0182
5.03518
5.04506
5.04603
5.04464
5.03717
5.0351
5.04124
5.03993
5.04135
5.03744
5.04963
5.03159
5.04735
5.03206
5.04877
5.05432
5.03511
5.05193
5.03285
5.05468
5.02731
5.05254
5.04162
5.03748
5.04318
5.05386
5.04286
5.04752
5.03594
5.025
5.03277
5.05048
5.0402
5.04872
5.05392
5.04018
5.04662
5.045
5.04343
5.06066
5.04873
5.04547
5.03027
5.0414
5.04649
5.04065
5.06477
5.0331
5.02885
5.0497
5.03812
5.06039
5.05608
5.05755
5.03503
5.04462
5.00346
5.02368
5.04928
5.04515
5.04943
5.04078
5.04598
5.05165
5.03092
5.0403
5.04011
5.03332
5.02572
5.04486
5.0364
5.04579
5.0372
5.03584
5.03565
5.04318
5.02618
5.04321
5.03192
5.02967
5.05737
5.03686
5.04399
5.03804
5.02836
5.04199
5.05781
5.0393
5.02455
5.03828
5.04306
5.03704
5.03051
5.04283
5.03682
5.04052
5.0495
5.04632
5.0132
5.03144
5.03253
5.03851
5.04035
5.02674
5.04334
5.03679
5.03221
5.03332
5.02785
5.02525
5.03708
5.03661
5.0366
5.02239
5.02718
5.04815
5.04648
5.02489
5.01602
5.0457
5.01902
5.03792
5.04479
5.03028
5.02169
5.06192
5.04122
5.04138
5.01791
5.04054
5.03555
5.02435
5.03397
5.02778
5.03613
5.02388
5.03133
5.01903
5.03843
5.04514
5.02982
5.02373
5.0203
5.03056
5.05098
5.03762
5.03791
5.0295
5.03661
5.05213
5.04011
5.02238
5.02742
5.02073
5.03116
5.04732
5.02303
5.03284
5.04381
5.03601
5.03116
5.01892
5.03329
5.03138
5.05424
5.03725
5.04139
5.03449
5.02566
5.03837
5.02278
5.02975
5.04923
5.0227
5.03311
5.02724
5.04651
5.04831
5.04022
5.02615
5.03844
5.02313
5.03103
5.04369
5.03014
5.02799
5.04868
5.0411
5.04035
5.04362
5.03455
5.05458
5.0389
5.02366
5.03716
5.04014
5.04065
5.03367
5.04095
5.05249
5.03143
5.02467
5.03513
5.02988
5.02996
5.03933
5.05275
5.04238
5.03268
5.0262
5.0173
5.03328
5.01386
5.04685
5.05526
5.03431
5.03318
5.02843
5.03248
5.01256
5.00789
5.02688
5.04997
5.03184
5.03563
5.05526
5.03751
5.03969
5.03604
5.02724
5.04218
5.04152
5.04047
5.04313
5.04364
5.02866
5.03751
5.02365
5.03109
5.03646
5.03661
5.0463
5.02778
5.02626
5.03816
5.04155
5.03201
5.03935
5.0266
5.04047
5.04279
5.04033
5.03675
5.06422
5.02381
5.0174
5.04528
5.02894
5.03413
5.0436
5.0365
5.03021
5.03608
5.03908
5.03571
5.04087
5.04809
5.0388
5.05224
5.02637
5.02727
5.04008
5.01426
5.05435
5.04834
5.02547
5.0312
5.04352
5.03356
5.02451
5.02185
5.03733
5.03674
5.02617
5.03319
5.03831
5.02117
5.03912
5.01722
5.00291
5.02046
5.03153
5.01898
5.01746
5.0404
5.04121
5.02631
5.03496
5.0275
5.02154
5.03488
5.03405
5.02305
5.03374
5.03507
5.0504
5.04095
5.04459
5.02873
5.02853
5.04379
5.0111
5.0209
5.03684
5.03524
5.03727
5.02405
5.03982
5.05026
5.02574
5.03107
5.04032
5.05208
5.02795
5.05113
5.04621
5.02793
5.04824
5.03496
5.03653
5.03821
5.03408
5.03411
5.02699
5.04532
5.02843
5.05076
5.02949
5.01308
5.04225
5.04815
5.02686
5.04912
5.03132
5.04245
5.02547
5.02697
5.02538
5.04855
5.03241
5.02726
5.03108
5.03336
5.02081
5.0266
5.03003
5.04781
5.03682
5.03368
5.01931
5.03297
5.03324
5.031
5.02692
5.02269
5.03686
5.04558
5.02601
5.0309
5.03214
5.02779
5.03581
5.01457
5.01462
5.03158
5.01097
5.01534
5.01666
5.02718
5.0312
5.02861
5.03927
5.01815
5.04045
5.02026
5.0104
5.02847
5.05149
5.03953
5.00698
5.02512
5.02704
5.0367
5.02621
5.03911
5.0163
5.02672
5.01875
5.02034
5.03988
5.03632
5.0225
5.02329
5.03677
5.02695
5.0238
5.02539
5.0145
5.05433
5.03156
5.03497
5.05115
5.02051
5.04204
5.01513
5.03687
5.02689
5.01548
5.03855
5.03302
5.0143
5.02469
4.99403
5.00661
5.02872
5.01646
5.03145
5.03104
5.0416
5.04988
5.02296
5.03715
5.02615
5.0129
5.01533
5.0162
5.05476
5.0214
5.02328
5.0258
5.03279
5.03482
5.0219
5.03239
5.03416
5.04687
5.00448
5.0402
5.01863
5.03754
5.0222
5.02916
5.02462
5.02329
5.0316
5.02974
5.04324
5.03974
5.04053
5.03212
5.03845
5.01319
5.03609
5.01967
5.01544
5.03431
5.02706
5.03262
5.02707
5.03749
5.04912
5.02579
5.03094
5.04668
5.03303
5.02779
5.02497
5.02924
5.02473
5.03123
5.0294
5.02033
5.0291
5.03119
5.03089
5.02923
5.02046
5.03616
5.02986
5.03744
5.03279
5.03589
5.02447
5.03562
5.02739
5.02594
5.0406
5.01755
5.02144
5.04117
5.02265
5.03691
5.02363
5.03188
5.02818
5.01423
5.03763
5.01764
5.03379
5.02415
5.03216
5.02562
5.0422
5.0091
5.02932
5.04563
5.03938
5.02061
5.01136
5.02437
5.02637
5.03666
5.03877
5.02253
5.01606
5.02516
5.03913
5.03031
5.03474
5.04888
5.0418
5.03752
5.0316
5.03504
5.03953
5.02705
5.02577
5.03719
5.0251
5.02182
5.04031
5.02337
5.02482
5.0118
5.02754
5.03856
5.03285
5.03172
5.01809
5.03976
5.02633
5.03423
5.0383
5.01127
5.02096
5.03794
5.01951
5.01557
5.02995
5.02181
5.03804
5.04441
5.03248
5.03012
4.99254
5.03995
5.0377
5.03316
5.01602
5.03595
5.02205
5.02997
5.021
5.04214
5.0228
5.03216
5.04577
5.03826
4.99915
5.00964
5.04452
5.05199
5.00099
5.03541
5.01891
5.00983
5.0246
5.04209
5.02815
5.04135
5.03113
5.02665
5.03413
5.02959
5.01105
5.02221
5.04152
5.0247
5.04557
5.02101
5.03927
5.02201
5.03786
5.02171
5.03428
5.03088
5.02557
5.02789
5.02253
5.01063
5.01119
5.0264
5.0336
5.03187
5.03145
5.02233
5.03433
5.02563
5.02297
5.00951
5.03269
5.02684
5.03787
5.02398
5.01188
5.03183
5.0334
5.01578
5.03016
5.03643
5.02137
5.0266
5.03167
5.02885
5.03969
5.04788
5.0159
5.01505
5.02107
5.02587
5.02197
5.03468
5.02911
5.02656
5.0384
5.04548
5.03387
5.02876
5.03539
5.01873
5.02649
5.03653
5.02045
5.02567
5.02325
5.04178
5.02875
5.03274
5.02819
5.03061
5.01686
5.03498
5.02227
5.02129
5.02507
5.03916
5.04508
5.03911
5.02564
5.01886
5.03052
5.00831
5.04088
5.0288
5.03622
5.00669
5.04411
5.01097
5.02482
5.0308
5.04059
5.0273
5.0354
5.02969
5.04006
5.04866
5.03003
5.02349
5.02505
5.03706
5.01772
5.00872
5.02572
5.01252
5.01793
5.03061
5.03956
5.0225
5.02351
5.02457
5.01705
5.01838
5.03018
5.0118
5.01619
5.02082
5.02461
5.03606
5.02396
5.03188
5.0351
5.01844
5.02495
5.0109
5.02422
5.03085
5.03877
5.0231
5.03413
5.02014
5.0362
5.04198
5.02844
5.03337
5.02299
5.04085
5.02512
5.01065
5.0367
5.03279
5.00348
5.03553
5.02035
5.02397
5.02894
5.04052
5.02507
5.01823
5.02144
5.02465
5.02003
5.043
5.01518
5.02506
5.04955
5.03433
5.01477
5.03038
5.02397
5.02297
5.01676
5.03913
5.03179
5.02573
5.00794
5.01832
5.04281
5.02607
5.03144
5.0213
5.02732
5.03439
5.03232
5.03466
5.0365
5.02067
5.02548
5.03068
5.01865
5.02314
5.04778
5.02735
5.02659
5.03015
5.0325
5.04282
5.03105
5.04479
5.03854
5.02672
5.02957
5.03503
5.01221
5.02537
5.0354
5.02463
5.02343
5.02737
5.04083
5.02924
5.02293
5.03135
4.99906
5.00153
5.02471
5.02998
5.02472
5.02491
5.03691
5.03285
5.02683
5.01664
5.02603
5.02465
5.03362
5.00767
5.03239
5.00838
5.03557
5.02173
5.01296
5.02286
5.03276
5.04329
5.028
5.0319
5.02977
5.03295
5.01797
5.03437
5.02776
5.037
5.01479
5.02722
5.03342
5.03271
5.03048
5.03875
5.03111
5.01033
5.02914
5.02229
5.01849
5.01874
5.03094
5.02059
5.00774
5.01909
5.01777
5.04998
5.03653
5.02182
5.04268
5.01838
5.03145
5.00925
5.02644
5.03646
5.02234
5.02566
5.02295
5.01431
5.02172
5.02388
5.02437
5.04643
5.02143
5.03525
5.03203
5.01623
5.01305
5.019
5.02339
5.03679
5.01522
5.01361
5.01971
5.032
5.03283
5.02038
5.024
5.03925
5.02983
5.0274
5.00636
5.00636
5.01852
5.0384
5.02911
5.00718
5.01261
5.03138
5.02765
5.02946
5.02754
5.01822
5.02567
5.02717
5.0316
5.01174
5.03379
5.01486
5.02912
5.03642
5.0324
5.02236
5.01269
5.03253
5.03618
5.02238
5.02698
5.02712
5.04992
5.02485
5.02433
5.02411
5.02401
5.01858
5.03178
5.01811
5.03345
5.05
5.00609
5.03227
5.03168
5.01293
5.02479
5.02076
5.04492
5.02598
5.02311
5.0269
5.04131
5.03517
5.02079
5.02788
5.04438
5.0325
5.04288
5.00708
5.04289
5.03226
5.01099
5.01594
5.0161
5.01542
5.03133
5.01365
5.03203
5.03492
5.04366
5.023
5.03655
5.01293
5.01683
5.01063
5.01606
5.01526
5.0341
5.02201
5.04732
4.99472
5.0376
5.03285
5.01662
5.01387
5.03562
5.02826
5.01964
5.01024
5.01289
5.01664
5.02593
5.01171
4.9971
5.03905
5.02521
5.03411
5.04181
5.02557
5.03636
5.01377
5.03344
5.03452
5.03096
5.03534
5.03474
5.02637
5.03402
5.02409
5.02723
5.02098
5.03814
5.01976
5.03813
5.02735
5.02493
5.01994
5.0178
5.0353
5.02164
5.02556
5.02869
5.02204
5.03827
5.03458
5.02636
5.02919
5.0212
5.02273
5.02787
5.0355
5.01298
5.02372
5.03229
5.03598
5.04224
5.03865
5.01619
5.0326
5.01812
5.02486
5.03021
5.03132
5.02595
5.02907
5.03414
5.00821
5.01886
5.02914
5.03249
5.00965
5.01926
5.02321
5.03182
5.042
5.04171
5.04341
5.02999
5.02876
5.02543
5.01102
5.00571
5.01767
5.01224
5.0197
5.03447
5.01199
5.02751
5.02338
5.0205
5.02523
5.02239
5.01109
5.02746
5.02955
5.01922
5.04648
5.01754
5.05329
5.02053
5.0216
5.0055
5.0312
5.0139
5.02296
5.0157
5.01224
5.0373
5.02847
5.04415
5.01285
5.01814
5.01941
5.02633
5.02201
5.00262
5.02928
5.02905
5.03057
5.01468
5.02889
5.02775
5.01946
5.03507
5.0031
5.03672
5.0205
5.02717
5.03584
5.02845
5.01541
5.03429
5.02179
5.01732
5.02347
5.01667
5.01253
5.01534
5.032
5.03203
5.02758
5.0327
5.0268
5.03775
5.03925
5.02383
5.0329
5.02768
5.02881
5.02736
5.02437
5.03029
5.03765
5.03453
5.03456
5.01237
5.02013
5.01812
5.04305
5.03563
5.02078
5.01953
5.02779
5.02772
5.02269
5.05414
5.0248
5.03773
5.02387
5.02713
5.02869
5.02011
5.0292
5.01454
5.00821
5.02718
5.02408
5.03296
5.03841
5.01805
5.0101
5.02438
5.0401
5.01967
4.99112
5.03326
5.01486
5.04464
5.03372
5.01393
5.03312
5.02531
5.01303
5.02654
5.03498
5.03415
5.02716
5.04015
5.02664
5.01941
5.02378
5.01299
5.01813
5.02919
5.02183
5.02121
5.0085
5.03146
5.02694
5.02749
5.02394
5.03496
5.02474
5.03263
5.02615
5.01472
5.01768
5.03447
5.02767
5.01695
5.02218
5.01994
5.01835
5.03037
5.03148
5.02524
5.02953
5.01512
5.02065
5.04236
5.02773
5.03711
5.02234
5.00688
5.04027
5.02338
5.04334
5.0195
5.02272
5.03835
5.00273
5.01045
5.04516
5.0153
5.03464
5.00579
5.02665
5.02395
5.0097
5.00289
5.02748
5.02986
5.03131
5.0035
5.04374
5.03832
5.01844
5.02109
5.03755
5.01423
5.04051
5.02334
5.01084
5.01764
5.0375
5.00223
5.02646
5.0145
5.02976
5.02751
5.02453
4.99812
5.02482
5.00191
5.02398
4.99798
5.02979
5.01798
5.00703
5.0382
5.02877
5.01386
5.02265
5.03614
5.02146
5.03541
5.01817
5.03502
5.03476
5.00192
4.99797
5.01352
5.01247
5.01938
5.01342
5.05495
5.04651
5.02243
5.03184
5.03784
5.03483
5.0284
5.03561
5.01379
5.03551
5.02425
5.0213
5.01115
5.0239
5.00543
5.00556
5.02793
5.04
5.02512
5.028
5.02872
5.02038
5.02563
5.02589
5.02648
5.03499
5.01481
5.03189
5.02966
5.04287
5.02013
5.00121
5.03167
5.0401
5.04592
5.03808
5.02479
5.01905
5.02658
5.03399
5.03086
5.03807
5.01629
5.01628
5.02374
5.05331
5.02157
5.02169
5.02904
5.03729
5.0326
5.04147
5.03711
5.03061
5.04559
5.01326
5.02602
5.0132
5.02625
5.01901
5.02375
5.02431
5.02209
5.01771
5.02041
5.01814
5.02602
5.03504
5.03456
5.02824
5.04071
5.03759
5.03028
5.03494
5.03177
5.02051
5.02151
5.02238
5.03087
5.03118
5.035
5.04012
5.03937
5.01776
5.01835
5.01129
5.02322
5.017
5.02388
5.02975
5.01731
5.00779
5.02731
5.02431
5.02727
5.0306
5.03099
5.03867
5.04314
5.03441
5.02476
5.01332
5.01782
5.03005
5.0103
5.03143
5.03031
5.02676
5.02034
5.02611
5.03026
5.04094
5.02287
5.02518
5.0199
5.02871
5.02278
5.02235
5.04159
5.00864
5.0407
5.03698
5.02963
5.0222
5.01249
5.01982
5.0339
5.01511
5.03257
5.0215
5.01479
5.01785
5.02242
5.02276
5.02278
5.0199
5.03124
5.02853
5.02273
5.0134
5.03244
5.01919
5.0271
5.02197
5.01545
5.00849
5.02731
5.02993
5.0292
5.028
5.02475
5.01204
5.03469
5.01221
5.02841
5.01339
5.00992
5.02319
5.00922
5.0248
5.02799
5.03589
5.0369
5.00094
5.00196
5.01807
5.0217
4.98886
5.01044
4.98164
4.98442
4.98243
4.94647
4.90889
4.87612
4.84251
4.8004
4.75174
4.67767
4.61805
4.5526
4.4983
4.42451
4.34708
4.29774
4.25556
4.19666
4.14016
4.08802
4.03477
3.99258
3.96523
3.94117
3.92566
3.90748
3.89421
3.87801
3.88031
3.86718
3.8597
3.87353
3.86542
3.86863
3.85558
3.8581
3.86273
3.84
3.85839
3.87571
3.86319
3.84602
3.84402
3.86595
3.85934
3.86574
3.85375
3.85597
3.87512
3.83198
3.84699
3.85211
3.85131
3.84093
3.84877
3.82301
3.83127
3.82015
3.83572
3.8311
3.81691
3.82149
3.82445
3.80931
3.79826
3.79246
3.78684
3.77449
3.77598
3.77066
3.76234
3.74466
3.73282
3.71096
3.67096
3.67182
3.66117
3.62619
3.60626
3.57729
3.55285
3.53401
3.51469
3.49713
3.48622
3.45014
3.42382
3.39553
3.40071
3.36083
3.35085
3.3435
3.32445
3.27911
3.29086
3.25138
3.27332
3.25371
3.24818
3.23902
3.24078
3.23056
3.21408
3.20612
3.21445
3.18956
3.1833
3.20197
3.16952
3.18111
3.17941
3.149
3.15689
3.15633
3.15344
3.15131
3.13972
3.10834
3.13703
3.10874
3.09574
3.09134
3.10375
3.09793
3.07318
3.04987
3.03642
3.03755
3.01926
2.99832
3.02035
2.98193
2.98154
2.96494
2.97528
2.95261
2.91561
2.89698
2.89073
2.88545
2.86297
2.8458
2.83947
2.83205
2.79709
2.8004
2.79963
2.79552
2.78234
2.78777
2.75103
2.75491
2.73857
2.72912
2.71351
2.71254
2.6947
2.69707
2.68118
2.66803
2.66848
2.67676
2.67506
2.65828
2.63987
2.63299
2.64153
2.62558
2.62752
2.59818
2.58967
2.59769
2.60513
2.58214
2.57569
2.58171
2.54972
2.53779
2.53944
2.53325
2.52444
2.50505
2.5046
2.48173
2.46765
2.46675
2.46201
2.4399
2.44423
2.4102
2.3915
2.41759
2.41757
2.3943
2.36412
2.3638
2.36368
2.35702
2.34297
2.36067
2.33295
2.33375
2.31065
2.31392
2.31682
2.29776
2.28261
2.30372
2.27296
2.26655
2.27266
2.24372
2.25319
2.24842
2.26444
2.23778
2.21818
2.21148
2.19111
2.18899
2.19042
2.19449
2.17042
2.17175
2.16664
2.13229
2.16291
2.14566
2.12159
2.13303
2.12517
2.13357
2.10349
2.11223
2.08458
2.08564
2.09487
2.05963
2.03918
2.05652
2.04391
2.03233
2.04101
2.0274
2.0159
2.00269
1.98731
1.98155
1.98239
1.98267
1.96744
1.96504
1.95833
1.95453
1.94389
1.93279
1.94021
1.91979
1.9204
1.91822
1.90398
1.89333
1.88557
1.88698
1.87429
1.88053
1.85314
1.86595
1.85076
1.82414
1.82501
1.84921
1.82858
1.83115
1.80478
1.8234
1.78905
1.79402
1.78322
1.7954
1.77338
1.77478
1.75547
1.7635
1.73192
1.7422
1.73975
1.72274
1.73563
1.73046
1.73092
1.71975
1.69824
1.6955
1.69313
1.68098
1.67852
1.68
1.67705
1.65432
1.6506
1.64398
1.63934
1.63353
1.62133
1.62013
1.61986
1.61319
1.61124
1.60402
1.60237
1.60814
1.58336
1.57888
1.57959
1.56685
1.57636
1.56146
1.56789
1.53765
1.52078
1.53719
1.54526
1.52158
1.52252
1.52099
1.51812
1.51051
1.50448
1.49662
1.49522
1.4864
1.47635
1.4707
1.47185
1.47325
1.46347
1.46826
1.47543
1.45142
1.4535
1.43366
1.43391
1.44471
1.43529
1.4081
1.41105
1.40324
1.40219
1.39043
1.3757
1.39126
1.37576
1.38226
1.37062
1.38472
1.35544
1.34499
1.35886
1.34273
1.34211
1.34412
1.34402
1.32481
1.33235
1.30695
1.32139
1.32449
1.30026
1.31214
1.30641
1.29191
1.27679
1.29145
1.28381
1.27415
1.25938
1.2805
1.27384
1.26479
1.2557
1.25547
1.24831
1.2183
1.24147
1.23654
1.22613
1.23777
1.22788
1.22715
1.20671
1.20947
1.21216
1.19883
1.1978
1.19296
1.19031
1.2068
1.18701
1.1804
1.18932
1.16771
1.15518
1.14326
1.16133
1.15483
1.15595
1.12172
1.14795
1.14058
1.1393
1.1261
1.11286
1.11436
1.13062
1.10805
1.10056
1.09674
1.09296
1.07525
1.08657
1.0859
1.08428
1.0739
1.06928
1.08935
1.07769
1.05667
1.04942
1.06078
1.04832
1.04697
1.05987
1.04009
1.04144
1.03801
1.03239
1.02525
1.00727
1.01566
1.04591
1.01923
1.01708
1.00432
0.996715
0.985103
1.00135
0.980693
0.985562
0.969494
0.983254
0.970943
0.979858
0.96226
0.975511
0.952657
0.951381
0.947027
0.952025
0.933692
0.966694
0.948541
0.928547
0.927727
0.940598
0.935124
0.914988
0.92312
0.902456
0.917529
0.925451
0.920752
0.905366
0.894411
0.91686
0.894552
0.888616
0.870103
0.885352
0.872835
0.871238
0.86629
0.864713
0.864862
0.882803
0.869411
0.85868
0.862221
0.85087
0.858413
0.845806
0.834487
0.837835
0.843636
0.838558
0.844211
0.813946
0.823024
0.823456
0.806709
0.808401
0.809144
0.808421
0.795732
0.80664
0.798635
0.780875
0.806531
0.792706
0.777918
0.790378
0.764698
0.79992
0.779749
0.7639
0.771611
0.771039
0.77152
0.753429
0.746953
0.755696
0.752743
0.774914
0.764346
0.76015
0.774257
0.760662
0.739917
0.740024
0.733921
0.733157
0.731101
0.731508
0.703806
0.704245
0.730614
0.712989
0.712575
0.704532
0.696354
0.722899
0.689622
0.684972
0.709507
0.714471
0.700839
0.7069
0.67891
0.672895
0.701501
0.694859
0.661501
0.658525
0.665491
0.661124
0.668876
0.659436
0.666049
0.685898
0.643211
0.655857
0.656804
0.661537
0.650596
0.615774
0.641666
0.646697
0.625561
0.639423
0.62787
0.649371
0.630383
0.636946
0.621906
0.62947
0.614327
0.621712
0.612364
0.604345
0.627096
0.611334
0.610759
0.605659
0.609148
0.589862
0.599248
0.585813
0.588006
0.591325
0.58347
0.58092
0.591149
0.58634
0.600671
0.582349
0.584982
0.576299
0.574017
0.557323
0.563543
0.572313
0.56289
0.56933
0.545766
0.552701
0.540196
0.564309
0.56371
0.561217
0.534001
0.550453
0.542259
0.541693
0.545487
0.550666
0.522591
0.540266
0.5436
0.524633
0.514505
0.523823
0.525703
0.515885
0.524104
0.535799
0.509501
0.531779
0.50675
0.50233
0.497319
0.529928
0.50759
0.509305
0.502179
0.507892
0.495599
0.469588
0.493506
0.493356
0.484815
0.480039
0.490085
0.501981
0.507215
0.503215
0.490056
0.486172
0.478961
0.47846
0.475051
0.473679
0.466223
0.494356
0.463069
0.464026
0.480311
0.460257
0.467516
0.452554
0.471249
0.454642
0.459942
0.44046
0.448402
0.428081
0.428946
0.446607
0.450569
0.44469
0.435638
0.431714
0.44517
0.43392
0.414626
0.426068
0.436136
0.446247
0.441995
0.407542
0.43073
0.41982
0.442651
0.435132
0.421551
0.415329
0.422875
0.409472
0.42386
0.435909
0.400607
0.414679
0.418917
0.409217
0.404703
0.403571
0.401637
0.399785
0.38774
0.411275
0.400272
0.386557
0.392649
0.388692
0.394889
0.39416
0.395946
0.399864
0.380335
0.373388
0.394303
0.388166
0.390909
0.39038
0.365658
0.382817
0.365128
0.363241
0.383256
0.373215
0.37162
0.360099
0.386295
0.368257
0.373566
0.355691
0.34445
0.360275
0.351061
0.357073
0.334193
0.347228
0.362495
0.354259
0.351864
0.338924
0.347235
0.337819
0.355485
0.354413
0.34129
0.343148
0.348633
0.361653
0.348753
0.353463
0.346583
0.338942
0.333624
0.324622
0.336458
0.334555
0.34214
0.335861
0.334059
0.325917
0.319493
0.308891
0.322963
0.32023
0.333767
0.333293
0.323257
0.335671
0.303279
0.323211
0.335027
0.330887
0.329309
0.32932
0.31352
0.334083
0.31832
0.30701
0.325441
0.332126
0.322359
0.330848
0.319481
0.320261
0.327478
0.335289
0.336719
0.334449
0.30084
0.327118
0.32033
0.324238
0.326951
0.322779
0.321567
0.337133
0.334075
0.308462
0.311903
0.316238
0.332008
0.326385
0.317291
0.347768
0.333316
0.344793
0.325603
0.31812
0.308202
0.315386
0.338241
0.331634
0.319724
0.310468
0.334198
0.324631
0.313614
0.310784
0.334757
0.334769
0.336804
0.333723
0.328649
0.333384
0.317661
0.324385
0.332553
