0
0.0179735
0.017534
0.0160851
0.0107184
0.0196696
0.00691775
0.00521451
0.00667272
0.00567229
0.00679465
0.010325
0.0172753
0.00162062
0.0116212
0.011527
0.00427498
0.0171142
0.0158267
0.00472172
0.0214741
0.0318864
0.0284625
0.0113938
0.0220017
0.0195042
0.00662899
0.0145533
0.0112486
0.0289819
0.0366812
0.02088
0.0361186
0.030332
0.0422975
0.0435698
0.0441181
0.0595521
0.0628978
0.0663199
0.0675215
0.0728517
0.0862824
0.0921989
0.0724638
0.0861904
0.0933102
0.0982201
0.0987495
0.0976853
0.121714
0.125611
0.115322
0.14469
0.144494
0.154519
0.166572
0.169684
0.168544
0.179392
0.207551
0.19266
0.210221
0.223859
0.22841
0.255624
0.264563
0.285738
0.276885
0.310806
0.30802
0.321287
0.318744
0.342898
0.361174
0.379133
0.377152
0.402271
0.405665
0.430306
0.448291
0.463859
0.480888
0.475506
0.518812
0.518765
0.541789
0.565683
0.582051
0.604092
0.627978
0.631717
0.646539
0.703067
0.698639
0.725656
0.739791
0.773096
0.787294
0.817499
0.832087
0.863566
0.876036
0.918698
0.936291
0.956173
1.01211
1.00321
1.03319
1.07013
1.09959
1.12462
1.16315
1.1892
1.21789
1.25262
1.27258
1.30559
1.33967
1.37451
1.40008
1.44283
1.45197
1.50439
1.51629
1.55591
1.59584
1.62706
1.65723
1.69668
1.72355
1.76748
1.81064
1.84759
1.88445
1.92054
1.96756
1.98894
2.0331
2.04343
2.07505
2.12654
2.189
2.20152
2.24208
2.30062
2.32265
2.35622
2.38674
2.44324
2.46219
2.51948
2.53488
2.5761
2.60998
2.63928
2.68568
2.74718
2.76549
2.82763
2.83551
2.89483
2.93721
2.95494
2.99653
3.06333
3.08119
3.12482
3.16393
3.20978
3.25248
3.27885
3.33465
3.37462
3.39849
3.45593
3.48736
3.53631
3.58049
3.59912
3.63104
3.70018
3.72316
3.77704
3.80967
3.85928
3.91544
3.91949
3.9626
3.99447
4.04307
4.08569
4.12073
4.16764
4.20966
4.23921
4.28607
4.33337
4.36742
4.40933
4.43583
4.4773
4.51474
4.57809
4.59401
4.63579
4.67563
4.71649
4.75709
4.78708
4.82195
4.84322
4.89626
4.91222
4.94222
4.98654
5.00078
4.99692
5.03961
5.01771
5.05386
5.06536
5.05302
5.07674
5.0609
5.0724
5.07317
5.06409
5.06495
5.04736
5.06319
5.063
5.0715
5.07768
5.06993
5.06333
5.06661
5.05755
5.07267
5.06102
5.05307
5.05296
5.05835
5.05843
5.05857
5.06348
5.05909
5.0677
5.05127
5.07473
5.04456
5.07676
5.06479
5.04185
5.05568
5.06
5.05962
5.05438
5.04863
5.06612
5.06466
5.06371
5.03948
5.06825
5.05294
5.05295
5.07865
5.05795
5.06079
5.07358
5.05988
5.04578
5.06113
5.06666
5.06122
5.04604
5.06932
5.05898
5.07675
5.07005
5.06163
5.05779
5.06475
5.05456
5.05519
5.06508
5.04736
5.07108
5.06368
5.072
5.06244
5.05913
5.05192
5.04123
5.0565
5.06302
5.06269
5.0593
5.06226
5.05122
5.05183
5.045
5.05678
5.06448
5.04964
5.06542
5.05687
5.06935
5.04418
5.05213
5.06509
5.035
5.07036
5.06081
5.06319
5.05338
5.06646
5.04845
5.07528
5.04841
5.04655
5.05087
5.04712
5.06328
5.04841
5.05616
5.03298
5.07956
5.04271
5.04589
5.04445
5.06986
5.05966
5.04702
5.03885
5.04824
5.04751
5.06339
5.04902
5.05267
5.04361
5.0717
5.03851
5.05947
5.04909
5.04766
5.04818
5.05899
5.05629
5.04607
5.05107
5.03293
5.04449
5.03653
5.02781
5.04943
5.05528
5.05017
5.07056
5.04527
5.05376
5.05595
5.06361
5.07097
5.0599
5.03863
5.05356
5.07286
5.04348
5.03757
5.06902
5.05376
5.04928
5.03896
5.0603
5.05678
5.05951
5.04524
5.05478
5.04537
5.04977
5.04946
5.05572
5.04903
5.04342
5.0415
5.03885
5.04362
5.05029
5.03909
5.06314
5.06893
5.05588
5.04447
5.07558
5.05382
5.04551
5.04138
5.04582
5.05834
5.03405
5.04114
5.04555
5.04939
5.03903
5.03247
5.03107
5.04647
5.05133
5.03488
5.04994
5.05712
5.05353
5.04477
5.06668
5.04703
5.04464
5.03433
5.05685
5.02744
5.06765
5.06515
5.0469
5.03564
5.03115
5.05407
5.03931
5.0573
5.03555
5.05019
5.04129
5.04341
5.02364
5.04176
5.0348
5.04082
5.04268
5.05252
5.03389
5.0338
5.03912
5.04075
5.05136
5.03941
5.03836
5.04361
5.05154
5.03888
5.05265
5.04863
5.04025
5.02475
5.05995
5.05695
5.03563
5.03293
5.02589
5.05079
5.04776
5.04903
5.03658
5.02936
5.04063
5.02991
5.0325
5.04723
5.04489
5.04812
5.03956
5.03643
5.04715
5.04629
5.05117
5.05897
5.05129
5.03322
5.04437
5.05424
5.05452
5.04749
5.03058
5.04655
5.04055
5.05002
5.03219
5.03299
5.02762
5.05617
5.03707
5.05613
5.04693
5.02068
5.0421
5.03827
5.05374
5.04408
5.04608
5.04002
5.03664
5.04817
5.02536
5.04601
5.0446
5.03921
5.03566
5.04381
5.03374
5.04345
5.04145
5.02488
5.03935
5.06335
5.0572
5.03648
5.0429
5.0363
5.03616
5.03001
5.02729
5.0495
5.0304
5.05128
5.02442
5.05463
5.04839
5.04774
5.05157
5.04905
5.04166
5.03836
5.04483
5.02842
5.03441
5.0388
5.05368
5.0432
5.02336
5.03751
5.05112
5.04727
5.03392
5.04806
5.04389
5.04422
5.04335
5.03538
5.04085
5.04787
5.02193
5.03343
5.04364
5.04583
5.04553
5.04015
5.02325
5.036
5.01234
5.01363
5.04754
5.0358
5.03899
5.02876
5.04548
5.03031
5.04596
5.03851
5.02072
5.05067
5.03325
5.04157
5.02985
5.04168
5.03494
5.03525
5.01597
5.02785
5.01123
5.05124
5.05154
5.05177
5.0331
5.04876
5.03204
5.04878
5.03198
5.01941
5.0426
5.04456
5.02906
5.04491
5.03926
5.04833
5.03757
5.02111
5.04655
5.04394
5.05596
5.05374
5.06042
5.02393
5.02429
5.0299
5.02749
5.02146
5.04068
5.03822
5.03486
5.04316
5.02766
5.04918
5.03984
5.04793
5.03772
5.0531
5.03786
5.02631
5.03571
5.02713
5.03425
5.02797
5.04047
5.03971
5.02865
5.01726
5.03769
5.02995
5.03113
5.04046
5.02873
5.05396
5.04229
5.03182
5.03855
5.0571
5.02435
5.03868
5.03797
5.03549
5.04422
5.04681
5.02764
5.03503
5.02698
5.03127
5.04413
5.03292
5.03489
5.02906
5.04722
5.06429
5.04615
5.03822
5.04528
5.03873
5.05651
5.0416
5.03149
5.02326
5.05078
5.04525
5.03025
5.03803
5.00543
5.06044
5.01875
5.01937
5.03782
5.03539
5.02127
5.03968
5.02844
5.05092
5.01644
5.04937
5.03447
5.04017
5.02704
5.03756
5.02665
5.05393
5.02751
5.02718
5.02884
5.04609
5.03729
5.04016
5.00332
5.02872
5.03678
5.02329
5.03915
5.03496
5.03531
5.05296
5.04333
5.02122
5.03372
5.03467
5.03436
5.02563
5.04186
5.03073
5.04509
5.03463
5.02851
5.04053
5.0395
5.03321
5.04961
5.03437
5.03963
5.02855
5.03786
5.03245
5.03086
5.02161
5.0362
5.05178
5.05529
5.03053
5.04463
5.02772
5.02656
5.03082
5.02646
5.03101
5.03661
5.04413
5.0297
5.01727
5.03952
5.03808
5.0402
5.02744
5.03031
5.0302
5.01793
5.029
5.0254
5.02845
5.04801
5.0231
5.04023
5.04261
5.02981
5.03999
5.04068
5.05172
5.03649
5.04125
5.01787
5.037
5.04163
5.0408
5.03715
5.04318
5.02855
5.01247
5.03467
5.01374
5.03526
5.04951
5.03239
5.02944
5.02928
5.0288
5.03475
5.01497
5.05133
5.03459
5.03151
5.04711
5.03281
5.02527
5.0211
5.02851
5.03963
5.03395
5.02915
5.03333
5.02451
5.03934
5.02692
5.02468
5.03164
5.02806
5.05017
5.03261
5.02005
5.02976
5.02141
5.04001
5.03306
5.03401
5.02638
5.01706
5.02374
5.03411
5.04655
5.0255
5.02589
5.02484
5.01424
5.01799
5.03028
5.03634
5.03438
5.01461
5.03638
5.00613
5.01823
5.02875
5.02395
5.02768
5.02939
5.01427
5.05299
5.02622
5.04708
5.02865
5.02013
5.03118
5.04393
5.03349
5.02968
5.02171
5.03372
5.01672
5.03842
5.0226
5.03797
5.02299
5.03416
5.0389
5.02314
5.02123
5.02678
5.02415
5.03434
5.03159
5.04388
5.03414
5.0315
5.0276
5.01715
5.02665
5.02534
5.03438
5.0198
5.01845
5.02791
5.01564
5.02678
5.03109
5.03171
5.02519
5.04034
5.01655
5.01409
5.03996
5.04104
5.02988
5.02856
5.047
5.02255
5.01403
5.03915
5.0297
5.03813
5.03243
5.02109
5.01837
5.01007
5.01888
5.03417
5.03132
5.04185
5.01045
5.04349
5.01784
5.04851
5.02937
5.04788
5.0275
5.01362
5.02358
5.04825
5.02803
5.02545
5.02062
5.03053
5.01359
5.03708
5.02623
5.01662
5.01986
5.01671
5.03429
5.01338
5.03996
5.03104
5.03119
5.02579
5.0192
5.038
5.03907
5.02971
5.05329
5.03228
5.02837
5.04822
5.03463
5.02578
5.01824
5.01255
5.03857
5.03047
5.03536
5.03692
5.03909
5.04278
5.02548
5.03636
5.03414
5.03069
5.03573
5.01944
5.03128
5.03692
5.02693
5.02714
5.0477
5.02409
5.04063
5.02369
5.02233
5.03642
5.03542
5.04449
5.02264
5.01449
5.01214
5.0323
5.02057
5.03802
5.03067
5.046
5.02177
5.026
5.05103
5.02593
5.03318
5.039
5.03061
5.03437
5.01266
5.05703
5.01602
5.01823
5.03517
5.03305
5.02786
5.04484
5.03542
5.03742
5.03484
5.02557
5.02972
5.02081
5.03515
5.02191
5.02028
5.02294
5.03815
5.01294
5.03866
5.01267
5.02603
5.03201
5.04087
5.03691
5.02065
5.03086
5.03668
5.01922
5.03417
5.02285
5.03838
5.0256
5.03551
5.03846
5.02949
5.03825
5.03069
5.04013
5.03654
5.02242
5.00833
5.03651
5.02268
5.02436
5.01461
5.03755
5.04576
5.02954
5.03235
5.02423
5.02282
5.03445
5.04231
5.03733
5.01722
5.03157
5.02876
5.01104
5.0303
5.02532
5.03272
5.02491
5.01788
5.02972
5.038
5.02663
5.03309
5.0441
5.02254
5.03168
5.03343
5.05057
5.03038
5.0221
5.03196
5.03066
5.01822
5.01632
5.03451
5.0189
5.02677
5.0339
5.034
5.02372
5.03546
5.03497
5.04197
5.04243
5.01604
5.01811
5.02322
5.03428
5.04787
5.02809
5.02278
5.0269
5.03699
5.01794
5.0436
5.01776
5.03642
5.00949
5.02168
5.01773
5.00999
5.01383
5.05133
5.04039
5.01925
5.00428
5.05338
5.02656
5.04609
5.05076
5.04117
5.01204
5.02921
5.01222
5.02647
5.03323
5.01785
5.02644
5.04845
5.03936
5.01469
5.02927
5.01441
5.03904
5.01363
5.03033
5.03186
5.02605
5.01885
5.02929
5.03296
5.02356
5.03489
5.05279
5.05033
5.02432
5.02479
5.02614
5.02775
5.03772
5.02355
5.03256
5.04133
5.04108
5.02344
5.03448
5.02218
5.02753
5.04178
5.0333
5.02037
5.03947
5.02747
5.02381
5.02872
5.03289
5.02959
5.03265
5.02178
5.01306
5.04418
5.03722
5.03891
5.03012
5.03484
5.02704
5.02318
5.02525
5.01553
5.0132
5.03008
5.03015
5.02175
5.04155
5.03101
5.01961
5.03877
5.03232
5.03026
5.02039
5.02612
5.02616
5.0269
5.03432
5.03672
5.02269
5.03069
5.04177
5.03397
5.01381
5.0166
5.02066
5.02594
5.03456
5.02953
5.04694
5.01436
5.0227
5.01874
5.04782
5.01383
5.03861
5.03189
5.03044
5.01994
5.0338
5.01827
5.02855
5.01466
5.00831
5.02451
5.03403
5.03168
5.02085
5.04466
5.04293
5.02678
5.04464
5.03446
5.02316
5.01863
5.02885
5.03312
5.03197
5.04289
5.0346
5.02698
5.04414
5.03413
5.03699
5.02895
5.01764
5.03353
5.02356
5.02555
5.03736
5.03402
5.04715
5.03208
5.02585
5.01691
5.03141
5.02591
5.03656
5.02164
5.01519
5.02444
5.0193
5.03384
5.02012
5.03139
5.04745
5.0177
5.02431
5.04863
5.0203
5.03902
5.03583
5.02741
5.01454
5.02918
5.038
5.03538
5.02919
5.03538
5.01454
5.04225
5.03229
5.00768
5.02482
5.0408
5.02781
5.031
5.03195
5.04194
5.01615
5.02402
5.0309
5.04559
5.03853
5.01443
5.02957
5.02484
5.03244
5.02634
5.02196
5.02329
5.02068
5.02257
5.03328
5.03158
5.02435
5.03497
5.03254
5.00992
5.02827
5.02856
5.02523
5.02224
5.01473
5.02296
5.01094
5.01772
5.02722
5.02502
5.02012
5.04411
5.02998
5.02078
5.02949
5.03161
5.02893
5.01564
5.02642
5.03239
5.02444
5.05653
5.05384
5.0305
5.02527
5.03053
5.02987
5.01793
5.02375
5.03015
5.03832
5.02932
5.03131
5.02042
5.04854
5.02376
5.04695
5.02082
5.03433
5.04306
5.03296
5.02214
5.01185
5.02805
5.02305
5.02704
5.02248
5.03683
5.0223
5.02797
5.01838
5.04106
5.02706
5.02153
5.02269
5.02426
5.01587
5.02363
5.04462
5.02596
5.03294
5.03583
5.03569
5.02496
5.03496
5.04676
5.03602
5.0374
5.00479
5.01885
5.0326
5.01283
5.03682
5.02363
5.04595
5.0281
5.01812
5.03261
5.02888
5.0322
5.04142
5.03342
5.03108
5.03066
5.00862
5.03337
5.01993
5.0233
5.03866
5.04186
5.03606
5.03174
5.01816
5.03982
5.04163
5.03494
5.02298
5.02185
5.03531
5.03074
5.01555
5.02489
5.02737
5.04874
5.04852
5.03619
5.01646
5.02547
5.04761
5.04215
5.02329
5.02711
5.02545
5.02708
5.03644
5.02899
5.02736
5.02302
5.0429
5.02075
5.03973
5.02539
5.01806
5.02207
5.03211
5.04174
5.02191
5.01827
5.032
5.02739
5.02724
5.00442
5.02953
5.03
5.03022
5.03032
5.03577
5.02254
5.03618
5.02094
5.00475
5.04828
5.02212
5.02263
5.04154
5.02942
5.0336
5.00936
5.02824
5.03143
5.02738
5.01284
5.01908
5.0335
5.0265
5.00966
5.02173
5.01132
5.04733
5.01106
5.02167
5.0432
5.03813
5.03819
5.0385
5.02272
5.04019
5.02187
5.01911
5.01023
5.03107
5.01736
5.04104
5.03711
5.0432
5.03778
5.03861
5.01991
5.03206
5.00655
5.05915
5.01625
5.02116
5.03704
5.04055
5.01809
5.02566
5.03414
5.0436
5.04105
5.03766
5.02803
5.04217
5.05678
5.01482
5.02868
5.01963
5.01196
5.02787
5.01728
5.03982
5.02013
5.01931
5.02271
5.01814
5.01894
5.02727
5.01938
5.02939
5.02637
5.03257
5.01541
5.03365
5.0154
5.0261
5.02848
5.03344
5.03561
5.01832
5.03204
5.02786
5.02491
5.03152
5.01518
5.01893
5.02714
5.02417
5.0326
5.03071
5.02554
5.01806
5.04053
5.02976
5.02122
5.01733
5.01131
5.0148
5.03727
5.02092
5.03527
5.02873
5.02324
5.02197
5.02749
5.0244
5.01935
5.04517
5.03436
5.02423
5.02084
5.04429
5.03412
5.03007
5.02178
5.01134
5.01181
5.01013
5.02332
5.02443
5.0278
5.0421
5.04764
5.0357
5.0409
5.03342
5.01886
5.04114
5.02592
5.02987
5.03259
5.02791
5.03069
5.0423
5.02575
5.0235
5.03398
5.00651
5.03553
4.99969
5.03295
5.03141
5.04753
5.02181
5.03929
5.03038
5.03721
5.0409
5.01556
5.02462
5.0088
5.03995
5.03477
5.03361
5.02647
5.03081
5.05011
5.02364
5.02371
5.02226
5.038
5.02399
5.025
5.03351
5.01768
5.04968
5.01594
5.03215
5.02546
5.0167
5.02424
5.03712
5.01822
5.03074
5.03536
5.02902
5.03589
5.03994
5.03721
5.02056
5.02044
5.02484
5.0198
5.02574
5.01472
5.01328
5.0286
5.01954
5.02467
5.02366
5.02522
5.02798
5.02206
5.0148
5.01794
5.01782
5.03997
5.0323
5.03433
5.00937
5.0167
5.03165
5.03279
5.02456
5.02457
5.02959
4.99812
5.02756
5.01463
5.02838
5.02514
5.02367
5.03215
5.02299
5.03778
5.04397
5.02516
5.02819
5.01926
5.01375
5.03411
5.04227
5.02778
5.01206
5.03271
5.06119
5.01889
5.03725
5.00747
5.01842
5.03816
5.01897
5.02671
5.03902
5.02542
5.01698
5.01777
5.02475
5.01173
5.02534
5.03253
5.02809
5.03886
5.03376
5.02266
5.03005
5.0306
5.04334
5.02046
5.02484
5.02427
5.02781
5.01679
5.027
5.0191
5.02555
5.03699
5.03401
5.01725
5.02407
5.03474
5.02949
5.03176
5.03331
5.0213
5.02014
5.02645
5.02217
5.03648
5.03095
5.00923
5.0239
5.0145
5.02926
5.04467
5.01129
5.02817
5.00831
5.03204
5.02882
5.01317
5.04879
5.0411
5.00634
5.0362
5.01684
5.0457
5.02483
5.02753
5.04181
5.04858
5.02403
5.02159
5.02012
5.04797
5.00768
5.01315
5.03308
5.0303
5.01384
5.03715
5.01088
5.02801
5.0405
5.03371
5.01384
5.04912
5.02484
5.0368
5.02153
5.02378
5.02674
5.05315
5.02644
5.0494
5.02727
5.05326
5.02139
5.03317
5.04408
5.01287
5.02225
5.03712
5.02829
5.01476
5.0294
5.01541
5.03262
5.01576
5.01597
5.04879
5.05273
5.03715
5.03818
5.03126
5.03716
4.99567
5.00404
5.0281
5.01863
5.0128
5.01559
5.022
5.01481
5.03679
5.01489
5.02614
5.02908
5.0392
5.02647
5.04494
5.04487
5.02242
5.01031
5.02516
5.02231
5.02153
5.02986
5.02477
5.02434
5.02374
5.01523
5.0354
5.01831
5.02053
5.00731
5.03005
5.04895
5.01851
5.01006
5.00422
5.01209
5.02547
5.03107
5.02353
5.01612
5.01923
5.01201
5.03378
5.03383
5.02632
4.99674
5.02846
5.02842
5.02096
5.01271
5.01737
5.00849
5.01292
5.01937
5.0043
5.03662
5.02379
5.0366
5.02352
5.0307
5.02593
5.02535
5.02756
5.03191
5.0292
5.03169
5.02358
5.01455
5.01501
5.02134
5.00891
5.01201
5.01926
5.01456
5.01792
5.02894
5.02793
5.02704
5.01854
5.0182
5.01438
5.00935
5.00995
5.03154
5.03099
5.03795
5.02601
5.03221
5.0253
5.01943
5.0319
5.04136
5.02186
5.02487
5.02185
5.01859
5.01827
5.01045
5.00597
5.01467
5.02437
5.03572
5.03119
5.01909
5.03904
5.0178
5.01893
5.02222
5.02884
5.02285
5.01894
5.00811
5.02606
5.02377
5.02906
5.02045
5.02605
5.02656
5.00723
5.04019
5.0083
5.01177
5.01919
5.02682
5.03628
5.02899
5.01493
5.03355
5.01609
5.02738
5.03397
5.03084
5.02624
5.02599
5.02617
5.02879
5.01746
5.02022
5.02599
5.03528
5.01643
5.02938
5.02167
5.02656
5.03294
5.03997
5.02114
5.01855
5.01925
5.02073
5.02364
5.03635
5.01358
5.03605
5.01958
5.03415
5.03713
5.02348
5.03681
5.02058
5.01664
5.00812
5.00622
5.04132
5.03865
5.02145
5.0149
5.04478
5.01939
5.04204
5.02788
5.01334
5.02637
5.033
5.02802
5.01782
5.01062
5.00575
5.02293
5.02189
5.02472
5.01576
5.02586
5.04032
5.02866
5.01107
5.01369
5.01754
5.02004
5.0293
5.03155
5.02519
5.02112
5.0151
5.01729
5.0195
5.02909
5.02172
5.03055
5.03514
5.01819
5.02367
5.01974
5.02987
5.02603
5.01973
5.04167
5.02302
5.00386
5.01582
5.03285
5.03365
5.01092
5.01661
5.01039
5.02125
5.01815
4.99702
5.04021
5.02346
5.01698
5.01544
5.02389
5.01424
5.03783
5.02651
5.03513
5.01705
5.01922
5.02986
5.02239
5.01417
5.02545
5.03192
5.03194
5.03037
5.03481
5.02591
5.02067
5.01772
5.02321
5.01875
5.02579
5.04664
5.02606
5.01519
5.02876
5.02744
5.03419
5.03448
5.03028
5.02635
5.01897
5.00856
5.02197
5.02617
5.03499
5.00999
5.0307
5.0236
5.01423
5.01654
5.04874
5.02089
5.04965
5.01701
5.02676
5.02394
5.026
5.01863
5.02088
5.03034
5.0308
5.01754
5.03781
5.03472
5.00919
5.03544
5.01927
5.01571
5.04028
5.02706
5.01952
5.01581
5.0113
5.01588
5.04108
5.00545
5.02665
5.03296
5.02859
5.00745
5.00435
5.01957
5.03368
5.03327
5.02474
5.02923
5.03902
5.00295
5.03096
5.01977
5.02229
4.99866
5.01078
5.03321
5.03658
5.02815
5.02156
5.0313
5.03562
5.02879
5.02479
5.04788
5.03441
5.02284
5.01918
5.0176
5.00702
5.03136
5.02045
5.02409
5.02437
5.03272
5.02462
5.03507
5.02431
5.03137
5.03652
5.03203
5.01613
5.01067
5.0188
5.02805
5.03215
5.01415
5.02256
5.01496
5.03538
5.03517
5.02004
5.00246
5.01749
5.02006
5.00172
5.02475
5.03033
5.01892
5.01389
5.0152
5.02495
5.01386
5.02716
5.03047
5.02381
5.02046
5.02925
5.0155
5.04006
5.0511
5.01658
5.00746
5.01856
5.04202
5.03745
5.02812
5.02373
5.03143
5.0045
5.03098
5.02146
5.03908
5.02289
5.01787
5.02448
5.03517
5.00479
5.02891
5.0291
5.01688
5.04147
5.0216
5.01982
4.99192
5.01906
5.02527
5.02412
5.04011
5.0331
5.02576
5.01377
5.03217
5.02371
5.0218
5.0449
5.01056
5.01972
5.03447
5.0167
5.01775
5.00183
5.0262
5.01
5.02709
5.02155
5.00786
5.02883
5.04782
5.01898
5.02208
5.02379
5.01231
5.01321
5.02285
5.02709
5.0301
5.03261
5.02509
5.019
5.02671
5.02134
5.02465
5.02094
5.02357
5.02712
5.00974
5.02428
5.01987
5.01243
5.02308
5.02349
5.02843
5.01662
5.0236
5.00982
5.02821
5.01889
5.01949
5.03882
5.0348
5.00278
5.02049
5.01321
5.02919
5.01078
5.03365
5.01267
5.02682
5.00591
5.02507
5.0178
5.03235
5.01266
5.0368
5.0255
5.01538
5.03152
5.01356
5.01537
5.00101
5.01014
5.0198
5.02274
5.02241
5.02787
5.01883
5.00846
5.00358
5.02857
5.02282
5.01914
5.02342
5.02141
5.03584
5.02412
5.01829
5.02653
5.01916
5.02299
5.02263
5.01409
5.02303
5.02939
5.02033
5.02862
5.00732
5.02601
5.01324
5.03688
5.0494
5.0214
5.0144
5.03064
5.02786
5.02463
5.02856
5.01882
5.02486
5.0197
5.02114
5.03128
5.02344
5.03115
5.01774
5.02255
5.0227
5.01483
5.00268
5.01882
5.01511
5.02299
5.02482
4.994
5.00478
5.03135
5.02039
5.02801
5.02078
5.01338
5.03584
5.0254
5.02554
5.02014
5.02186
5.00956
5.03022
5.03708
5.01669
5.01869
5.02407
5.01333
5.01165
5.02244
5.01195
5.03736
5.00891
5.00929
5.03798
5.01824
5.01879
5.0295
5.03899
5.01123
5.01731
5.02513
5.03512
5.01999
5.00804
5.02194
5.0235
5.01895
5.02213
5.04327
5.01417
5.02092
5.02187
5.02494
5.02429
5.03217
5.03389
5.02416
5.01971
5.02213
5.02058
5.02656
5.03647
5.00716
5.01158
5.0215
5.0155
5.03377
5.02672
5.01902
5.01758
5.02261
5.01025
5.04005
5.01653
5.01708
5.02075
5.01424
5.03271
5.02139
5.01912
5.0353
5.01958
5.04085
5.02784
5.03623
5.02756
5.01465
5.02423
5.02981
5.02938
5.01593
5.01672
5.02979
5.03103
5.02492
5.0235
5.02322
5.01066
5.01634
5.01314
5.00337
5.0268
5.02933
5.03589
5.00819
5.00324
5.01543
5.00852
5.01912
5.01506
5.03861
5.03114
5.01858
5.01193
5.0183
5.03072
5.02137
5.0269
5.02488
5.02249
5.0349
5.03439
5.02931
5.02443
5.01988
5.00075
5.02172
5.01433
5.03935
5.0093
5.00766
5.02716
5.03559
5.03531
5.01376
5.00277
5.01028
5.01021
5.023
5.01525
5.02692
5.02912
5.03347
5.0167
5.02168
5.02987
5.02451
5.02396
5.03285
5.01937
5.02053
5.01862
5.01038
5.03946
5.03254
5.01413
5.0363
5.02019
5.01561
5.02018
5.03079
5.03055
5.03841
5.01228
5.02524
5.01982
5.04631
5.03398
5.03547
5.02561
5.02547
5.03053
5.02981
5.00583
5.02545
5.0181
5.03296
4.9922
5.01625
5.03262
5.0268
5.02557
5.0196
5.03856
5.03754
5.02267
5.03231
5.02105
5.02483
5.00903
5.00231
5.02115
5.0211
5.02532
5.0097
5.0266
5.02122
5.03509
5.03533
5.01598
5.01538
5.01862
5.02082
5.02924
5.03754
5.00625
5.02674
5.03514
5.00768
5.02834
5.01611
5.00426
5.00885
5.02346
5.02049
5.024
5.03667
5.02532
5.0193
5.0074
5.03901
5.02168
5.01458
5.02025
5.02055
5.02163
5.01967
5.01869
5.02291
5.0241
5.00895
5.03077
5.03354
5.03821
5.00393
4.9986
5.0098
5.01333
5.04475
5.00735
5.02436
5.02841
5.03221
5.0241
5.01198
5.02855
5.01127
5.00278
5.02128
5.03046
5.02148
5.0235
5.02571
5.04003
5.01598
5.03846
5.024
5.03105
5.00863
5.02481
5.02228
5.02351
5.03524
5.02096
5.03263
5.02432
5.01033
5.01733
5.01522
5.04549
5.02629
5.01501
5.02853
5.02351
5.00525
5.0227
5.01495
5.01366
5.01452
4.99807
5.03038
5.03657
5.01917
5.01599
5.02544
5.0252
5.00573
5.00861
5.01981
5.01588
5.02411
5.01078
5.02814
5.02324
5.02586
5.0175
5.01048
5.02935
5.01657
5.01324
5.0147
5.0257
5.01614
5.03247
5.02756
5.00824
5.00754
5.02841
5.00681
5.00474
5.01919
5.01403
5.00687
5.01036
5.02434
5.0176
5.01326
5.01421
5.01319
5.00646
5.01749
5.01938
4.9959
5.01559
5.03181
5.0222
5.02368
5.0087
5.01205
5.0253
5.02374
5.02342
5.0248
5.0222
4.9984
5.03381
5.03023
5.03898
5.02137
5.03278
5.04135
5.02172
5.00886
5.02731
5.02443
5.02013
4.9955
5.00851
5.01887
5.03508
5.01923
5.03205
5.00821
5.01956
5.01621
5.01253
5.01745
5.02387
5.04064
5.0226
5.01648
5.02113
5.03336
5.00109
5.02234
5.02449
5.02179
5.01184
5.02028
5.03673
5.01954
5.01066
5.00912
5.03405
5.00313
5.00096
5.01152
4.99929
5.01286
5.0037
5.02791
5.02048
5.00053
5.01904
5.00686
5.01847
5.0086
5.00889
5.02519
5.02655
5.01458
5.01578
5.00282
5.01773
5.00653
5.02042
5.03639
5.01208
5.00819
5.02251
5.01888
5.0299
5.01504
5.0452
5.02544
5.01864
5.02182
5.02104
5.01946
5.00713
5.01498
5.02344
5.01733
5.03076
5.01133
5.0224
5.00761
5.025
5.00968
5.01749
5.00325
5.00465
5.02669
5.03048
5.00242
5.0186
5.00396
5.01548
5.00161
4.99204
5.00078
5.0185
5.01
5.03477
5.02513
5.02259
5.01042
5.01586
5.03544
5.01241
5.01394
5.0158
5.0284
5.01275
5.01179
5.02969
5.01131
5.00116
5.02149
5.0112
5.02788
5.02202
5.01402
5.00741
5.01418
5.02162
5.00843
5.0222
5.01005
5.00333
5.03306
5.01944
5.01098
5.03415
5.02648
5.00719
5.02815
5.02635
5.0142
5.02656
5.01268
5.016
5.01224
5.00802
5.01817
5.01678
5.01756
5.01835
5.03181
5.00288
5.02987
5.00958
5.01145
5.02297
5.03106
5.01149
5.01297
5.01825
5.02682
5.02289
5.02616
5.01595
5.01752
5.00593
5.00383
5.01825
5.0162
5.02366
5.03115
5.01746
4.9931
5.02772
5.02262
5.02254
5.02203
5.02135
4.99305
5.02613
5.03711
5.04456
5.01335
5.02739
5.01518
5.00142
5.02035
5.00476
5.0254
5.00593
5.01257
4.99516
5.03181
5.02293
5.01465
5.00328
5.01591
5.00642
5.0241
5.01826
5.01553
5.02064
5.01341
5.01426
5.00027
5.01343
5.01504
5.00431
5.00549
5.02476
5.0123
5.01336
5.01647
5.00363
5.01775
5.02942
5.00797
5.00105
5.03131
5.01428
5.00712
5.02294
5.01951
4.99481
5.01842
4.99782
5.00736
5.00251
5.01539
5.00663
5.02284
5.00764
5.01245
5.03382
5.01798
5.0079
5.0094
5.01472
5.01184
5.02024
5.00814
5.00503
5.05166
5.02113
4.99914
5.02055
5.02216
5.00841
5.02649
5.02214
5.017
5.02328
5.00751
5.02339
5.02207
5.01536
5.02011
5.01367
5.01141
5.01609
5.01744
5.02805
5.01652
4.99201
5.00192
5.00352
5.0061
5.02079
4.99098
5.01618
5.00006
4.99796
5.01361
5.02429
5.01106
5.00083
5.02083
5.01907
5.02767
5.01571
5.03114
4.99983
5.0044
4.99899
5.01461
5.00764
4.99799
5.02284
5.01347
5.01115
5.023
5.0283
4.99298
5.00202
5.02258
5.02165
5.00274
5.02244
5.00241
5.01733
5.00888
5.00223
5.0197
5.02591
5.01253
5.00244
5.02192
5.01101
5.02329
5.0152
5.00078
5.0198
5.0183
5.01571
4.99197
5.01248
5.01856
5.01466
5.01635
4.99852
5.024
5.01097
5.00928
5.00638
5.01221
5.02692
5.00632
5.02091
4.9969
5.01848
5.01228
5.02125
4.99266
5.02449
5.01831
4.99592
5.02668
5.03861
5.02806
5.04822
5.02221
4.9989
5.02064
5.00509
5.01771
4.98991
4.9937
5.01368
5.0152
5.04119
5.01255
5.00278
5.01151
5.00682
5.01239
5.00267
5.01013
5.00413
5.01133
5.00488
5.01337
5.01924
5.005
5.00631
5.00337
5.02679
5.00866
5.01074
5.0196
5.01528
5.02294
5.0074
5.01481
5.0136
5.00924
5.01358
5.00631
5.01175
5.00824
5.00757
5.00418
5.02431
5.01616
5.02339
5.00654
5.02095
5.02085
4.99883
5.02365
5.00815
5.00879
5.01286
5.01807
5.02277
5.01164
5.02245
4.99999
5.02446
5.00409
5.03263
5.01637
5.00728
5.01002
5.00846
5.00825
5.01807
4.99986
5.01337
5.02658
4.99392
5.01844
5.01113
5.00343
5.00847
5.01033
5.00142
5.01888
5.0147
5.01379
5.02794
5.00985
5.01173
5.01005
5.02421
5.00327
4.99985
5.02078
5.00619
5.00888
5.01828
4.98547
4.99249
5.02477
5.02201
4.9998
4.99714
5.00745
5.008
5.022
5.01527
5.00808
5.02526
5.01511
5.00807
4.98909
5.00808
5.0236
5.00645
5.01703
5.00733
5.00782
4.99178
5.02299
5.00239
5.01717
5.00277
4.99015
5.00232
5.01248
5.00891
5.00611
5.01086
4.99202
5.02492
5.00642
5.01109
5.00998
5.01712
5.01595
5.01046
5.02629
5.01592
5.01422
5.02514
4.99666
4.9919
5.01267
5.01008
5.01376
4.99291
5.00818
5.00049
5.01008
5.00781
5.01067
5.00079
4.99766
5.01277
5.00692
5.01695
5.00888
5.00686
5.00374
4.99048
5.00972
4.99208
5.00937
5.01378
5.02082
5.0164
5.02318
4.99084
5.00011
5.01178
5.01122
5.00203
5.00519
4.99527
5.01129
4.99284
4.99741
4.98913
5.01877
5.0203
5.01617
4.99562
5.0156
4.99199
5.00224
4.99881
5.00051
5.02716
5.0105
5.01442
4.99855
5.0032
5.00948
5.02854
5.00131
4.99758
5.01255
4.99638
5.00372
5.02143
4.99458
4.99765
5.03274
5.01786
5.01225
5.00881
5.01258
5.02189
4.99772
5.00206
5.00572
5.00943
5.01591
5.00386
5.0081
5.00106
5.01886
5.00505
4.99417
5.00566
5.0273
5.01254
5.00917
5.01094
5.01164
5.01456
4.99551
5.00497
5.01077
5.00926
4.9889
5.01087
5.01866
5.01095
4.99926
4.99358
5.02401
5.01175
5.01465
5.00584
4.99875
4.98985
5.01379
5.00559
5.00857
5.01848
5.00569
5.00813
5.00302
5.03112
5.00573
4.9997
5.00044
5.01324
5.00426
4.99844
5.00624
4.98996
5.02253
4.99632
5.00082
5.00683
5.00811
5.01123
4.98976
5.0094
5.01035
4.98889
5.01267
5.00051
4.9953
5.01116
5.01431
4.9994
4.9923
5.00701
5.02158
5.00768
5.01266
5.00347
5.0111
4.99597
4.98086
5.01393
5.00451
5.01089
5.0128
5.00763
4.99204
5.00081
5.00923
4.98355
5.00295
5.01869
4.99484
5.01092
4.99454
4.98752
4.98546
4.9978
4.99656
5.02189
5.00314
5.02299
5.00236
5.0117
4.99115
5.00029
5.01288
5.0168
5.01275
5.00972
5.01178
4.99839
5.00527
4.99176
5.00457
5.02689
5.00187
5.00591
5.01198
5.00074
4.99509
4.99782
4.98866
4.99449
4.99447
5.00439
4.97515
5.00075
5.00627
5.00898
5.01347
4.99473
4.99888
5.00357
4.99039
5.00051
4.99624
4.98638
5.00528
5.00872
4.99892
5.00514
5.01041
5.00962
4.98745
4.98942
4.99945
4.98511
4.99784
4.99907
5.00903
5.00574
5.0171
5.01975
5.0199
5.00087
5.00884
5.01171
4.99802
4.98189
4.99993
5.00782
4.98042
4.99552
4.98464
5.0028
5.00239
4.99132
4.99172
5.00031
4.99952
5.0098
5.00851
5.00065
5.02253
5.00239
5.0039
4.98895
4.99822
4.98979
4.9972
4.99705
5.01022
4.99248
4.99096
4.99658
4.99942
4.99925
4.99302
4.97671
4.999
5.00262
5.00781
4.997
4.99031
5.00155
4.99443
5.01084
5.00518
5.00392
4.9815
4.99544
5.00927
4.97915
4.98584
5.00097
4.98948
4.97806
4.99456
5.01386
4.98638
5.00335
4.99882
5.00282
5.00166
4.99244
4.98157
5.01178
4.99132
5.00289
5.00497
5.00467
5.00411
4.99478
4.99349
5.00817
4.99613
5.00079
5.01623
4.99786
5.00391
5.00187
4.99051
5.00049
5.00043
4.98324
4.96901
4.9843
4.988
4.99049
5.00739
4.99557
4.99601
4.97669
4.99381
5.00853
4.99443
4.98719
4.98893
4.9946
4.987
4.99789
4.98993
4.99361
5.00446
4.98524
4.99857
5.00771
4.99186
4.99132
4.995
5.00175
4.98296
4.99658
4.98513
4.99687
4.97262
5.0136
4.96456
4.99481
4.99319
4.99763
4.98098
4.98098
4.97722
4.97582
5.00426
4.98619
5.0034
4.99186
5.01072
4.98282
4.99822
5.01283
4.99574
4.98545
4.99076
4.97767
4.99898
4.98748
4.98764
4.99283
4.99807
4.99052
4.9929
4.97944
4.99507
4.99201
4.98313
4.99071
4.97506
5.01788
4.97878
5.00689
4.99239
4.99874
4.9845
4.98922
4.99808
4.98584
5.00802
5.0077
5.00507
4.9901
4.97952
5.00149
4.98627
4.99002
4.98727
5.00933
4.98099
4.98403
4.984
4.97667
4.99151
4.98672
4.97753
4.99987
4.96746
4.99377
4.98158
4.98363
5.00304
4.97262
4.98833
5.00462
4.9851
5.0064
4.99749
4.98101
4.97992
4.98541
4.98994
4.99205
4.98524
4.99706
4.97542
4.96586
4.9712
4.97894
4.97816
4.97214
4.99396
4.99499
4.98098
4.98534
4.9755
4.98929
4.99001
4.98467
4.97507
4.9723
4.98787
4.97961
4.98938
4.98319
4.99326
4.98385
4.99427
4.989
4.98309
4.97147
4.98732
4.98558
4.95792
4.97248
4.98962
4.98779
4.98989
4.97513
4.98291
4.9735
4.98953
4.99034
4.96683
4.99893
4.97603
4.98932
4.98978
4.98514
4.99427
4.98603
4.98805
4.97482
4.99248
4.96662
4.98546
4.96969
4.98957
4.99172
4.99123
4.9807
4.98608
4.9778
4.98106
4.97824
4.98692
4.96757
4.96433
5.01658
4.98839
4.97251
5.0028
4.98761
4.97907
4.99593
4.98598
4.9957
4.98168
4.96738
4.99367
4.99026
4.97756
4.98041
4.97995
4.98497
4.98753
4.96412
4.97405
5.01011
4.97465
4.97291
4.97047
4.9872
4.97559
4.9758
4.96208
4.9738
4.97259
4.97507
4.97792
4.97389
4.98006
4.99214
4.95182
4.9753
4.9934
4.9746
4.97066
4.98039
4.96942
4.99189
4.99372
4.98055
4.96222
4.9775
4.9858
4.97867
4.97698
5.01078
4.97974
4.96878
4.96281
4.98866
4.98608
4.97546
4.97426
4.98583
4.9796
4.96318
4.98634
4.98615
4.97956
4.98444
4.98831
4.97459
4.97165
4.97419
4.9942
4.9864
4.98767
4.97492
4.96321
4.97903
4.96882
4.97719
4.9708
4.97295
4.96268
4.98014
4.97051
4.976
4.96266
4.97917
4.96574
4.97014
4.97793
4.97619
4.97348
4.98679
4.95447
4.97348
4.96983
4.96872
4.98146
4.96438
4.96578
4.97439
4.96485
4.97727
4.96522
4.98318
4.98965
4.95579
4.9695
4.96511
4.97947
4.97044
4.97342
4.97553
4.96701
4.97857
4.98634
4.96398
4.95566
4.98176
4.97179
4.96765
4.99204
4.95675
4.97
4.97584
4.97819
4.97073
4.94888
4.96883
4.96679
4.96327
4.97718
4.98138
4.97498
4.95234
4.96409
4.97035
4.96811
4.9762
4.96144
4.97142
4.95798
4.97798
4.95509
4.95113
4.9619
4.95169
4.97105
4.99521
4.96943
4.97149
4.95445
4.96618
4.97488
4.97393
4.96655
4.96349
4.96919
4.9698
4.96725
4.96535
4.96688
4.98689
4.98743
4.97959
4.97835
4.94554
4.97229
4.97516
4.96868
4.96425
4.96304
4.9686
4.96247
4.95358
4.97081
4.9687
4.96626
4.96449
4.96295
4.96858
4.95541
4.96694
4.9701
4.96519
4.96622
4.9683
4.97443
4.96699
4.97275
4.9709
4.95754
4.95974
4.96335
4.95874
4.95479
4.97221
4.93294
4.96856
4.97455
4.96391
4.98354
4.96522
4.95412
4.97081
4.96321
4.97781
4.96399
4.96059
4.96111
4.96406
4.95634
4.94045
4.97321
4.96301
4.9481
4.97825
4.96103
4.96761
4.98906
4.96065
4.97468
4.95592
4.96402
4.97086
4.9612
4.96979
4.96708
4.97616
4.96376
4.95911
4.96752
4.96581
4.96428
4.95681
4.96405
4.94783
4.9677
4.9572
4.96567
4.98039
4.96483
4.9543
4.95881
4.94752
4.96405
4.96283
4.95443
4.95067
4.96529
4.94946
4.94283
4.9534
4.9709
4.96212
4.96143
4.95231
4.96049
4.95274
4.94833
4.95497
4.93904
4.95246
4.95623
4.96593
4.95359
4.95661
4.95294
4.95174
4.95748
4.94802
4.95532
4.94245
4.94653
4.94399
4.9544
4.94613
4.93022
4.97021
4.93835
4.94285
4.94939
4.95035
4.95496
4.95713
4.95296
4.95106
4.9674
4.9767
4.95269
4.95383
4.9654
4.96028
4.94317
4.96317
4.95141
4.9478
4.94176
4.96179
4.95035
4.95241
4.95102
4.9485
4.94402
4.94236
4.93727
4.9722
4.94822
4.95755
4.97629
4.93477
4.92711
4.95119
4.94641
4.94383
4.94312
4.94242
4.94466
4.93903
4.95108
4.96364
4.94503
4.97039
4.95332
4.95101
4.94586
4.93722
4.95208
4.95768
4.95402
4.96036
4.95693
4.93213
4.94254
4.93482
4.94446
4.94603
4.94973
4.9473
4.95752
4.9301
4.94776
4.95032
4.92669
4.94371
4.9292
4.95352
4.94326
4.93385
4.93718
4.93498
4.95756
4.94796
4.95248
4.95205
4.93405
4.95063
4.93903
4.92598
4.9354
4.94769
4.9552
4.95866
4.92759
4.91917
4.94041
4.94672
4.93617
4.93039
4.95046
4.9462
4.93176
4.94719
4.93872
4.92706
4.93042
4.94674
4.93451
4.92945
4.91538
4.94044
4.94534
4.93626
4.92844
4.91507
4.94769
4.93984
4.94787
4.94181
4.93767
4.94193
4.92076
4.94871
4.9487
4.92895
4.94612
4.93034
4.92331
4.93459
4.92722
4.93393
4.94776
4.93369
4.94437
4.92938
4.93767
4.94762
4.93248
4.94014
4.9224
4.92865
4.94468
4.92855
4.92142
4.94259
4.9323
4.94038
4.92433
4.93476
4.92542
4.92462
4.93788
4.93074
4.93312
4.92491
4.94675
4.92811
4.94038
4.9286
4.92918
4.94103
4.93126
4.93023
4.94152
4.9289
4.93265
4.93785
4.92968
4.93277
4.92519
4.93014
4.93873
4.92016
4.9207
4.92787
4.92123
4.93284
4.93537
4.92416
4.92577
4.93526
4.93166
4.94179
4.92019
4.9318
4.91544
4.92369
4.90278
4.94761
4.93079
4.92516
4.94713
4.9325
4.9311
4.90325
4.91587
4.92471
4.92905
4.9399
4.92306
4.93209
4.92546
4.91926
4.92604
4.91171
4.92219
4.92586
4.92529
4.91664
4.91354
4.90952
4.92561
4.92848
4.922
4.91281
4.92724
4.91328
4.92795
4.90175
4.93702
4.90444
4.91523
4.93133
4.92022
4.93458
4.91328
4.91856
4.9255
4.92391
4.91493
4.90156
4.92903
4.90501
4.9176
4.91482
4.91258
4.92141
4.90831
4.92396
4.92086
4.90025
4.90242
4.92113
4.92542
4.9251
4.90507
4.91365
4.90841
4.91721
4.9189
4.92889
4.92026
4.90885
4.89515
4.91014
4.92867
4.9386
4.8998
4.92712
4.9087
4.90679
4.90516
4.91882
4.92001
4.90821
4.89706
4.92414
4.89012
4.88618
4.91001
4.89072
4.89897
4.90813
4.9024
4.90223
4.91185
4.8989
4.91076
4.90791
4.9093
4.90113
4.9039
4.91568
4.8919
4.91931
4.90621
4.89747
4.92394
4.90524
4.89926
4.89675
4.91071
4.90301
4.88695
4.87509
4.90806
4.90134
4.90356
4.90984
4.90839
4.89262
4.89759
4.92089
4.88018
4.91917
4.89156
4.89831
4.88874
4.90558
4.89981
4.88816
4.88588
4.87793
4.89185
4.898
4.89735
4.90557
4.89628
4.901
4.90815
4.89036
4.89143
4.88624
4.90278
4.90628
4.8958
4.89613
4.89464
4.89211
4.90234
4.88872
4.88779
4.87981
4.88706
4.89316
4.88993
4.88789
4.88465
4.90144
4.89224
4.88599
4.89037
4.89596
4.87385
4.89091
4.88947
4.88928
4.89166
4.88687
4.89472
4.88597
4.89609
4.88964
4.88275
4.87159
4.87085
4.88858
4.88663
4.89274
4.88683
4.87951
4.88867
4.90074
4.87675
4.90857
4.8767
4.8944
4.90376
4.88637
4.87694
4.883
4.89723
4.87919
4.89933
4.87278
4.87172
4.89126
4.87616
4.87772
4.87132
4.89486
4.88417
4.89551
4.88795
4.88945
4.87758
4.88108
4.89027
4.88455
4.88347
4.88105
4.88113
4.87758
4.87511
4.87542
4.8966
4.87707
4.87429
4.87794
4.86747
4.88303
4.88402
4.88881
4.88485
4.8727
4.88267
4.86998
4.87023
4.8765
4.88506
4.86327
4.88423
4.85344
4.89648
4.88441
4.88022
4.8642
4.88232
4.87367
4.86948
4.85905
4.86345
4.85687
4.87136
4.86757
4.87644
4.85883
4.88504
4.87085
4.85935
4.85801
4.85108
4.87867
4.86311
4.85818
4.85656
4.87224
4.86775
4.8633
4.87269
4.85662
4.84494
4.88851
4.88583
4.87916
4.85662
4.87451
4.88758
4.87597
4.85775
4.86474
4.86691
4.86048
4.86974
4.85902
4.8699
4.8601
4.85487
4.86248
4.85941
4.87185
4.86715
4.84919
4.85917
4.86408
4.84561
4.86222
4.87307
4.87392
4.86508
4.84804
4.86048
4.87745
4.84371
4.86223
4.84928
4.84593
4.85207
4.85772
4.85236
4.86573
4.8551
4.84719
4.85354
4.85547
4.85631
4.86592
4.83724
4.87649
4.85492
4.84874
4.82681
4.84232
4.83977
4.84321
4.85405
4.85794
4.84861
4.82998
4.83602
4.83609
4.84696
4.85582
4.86099
4.84959
4.87042
4.85419
4.84805
4.85204
4.84637
4.8578
4.82031
4.84425
4.85977
4.8471
4.84752
4.83869
4.84137
4.8601
4.84613
4.85361
4.84268
4.84286
4.84323
4.84746
4.84099
4.83524
4.8322
4.85179
4.84474
4.83654
4.83796
4.84205
4.8193
4.83402
4.8598
4.82525
4.83972
4.83025
4.85075
4.83399
4.8145
4.82728
4.83846
4.82295
4.83643
4.81565
4.83244
4.82113
4.81845
4.82487
4.82396
4.83437
4.84147
4.85049
4.81669
4.82337
4.82947
4.82588
4.83578
4.84544
4.82757
4.81944
4.82554
4.82983
4.82891
4.8199
4.83751
4.83729
4.82279
4.82328
4.81813
4.83665
4.85086
4.829
4.81805
4.82773
4.83274
4.81946
4.82969
4.8246
4.83525
4.83532
4.82088
4.81046
4.8369
4.8035
4.82004
4.8177
4.811
4.82874
4.79777
4.82183
4.80732
4.81054
4.82594
4.81781
4.8227
4.81298
4.81975
4.81107
4.82151
4.78911
4.81996
4.80882
4.82339
4.82762
4.80049
4.81618
4.79854
4.81772
4.8314
4.80489
4.81868
4.81137
4.80337
4.80231
4.81722
4.80307
4.80613
4.82094
4.78842
4.8191
4.81419
4.80491
4.81166
4.80266
4.8111
4.78823
4.79875
4.80986
4.79685
4.79321
4.8011
4.78349
4.78868
4.78996
4.77671
4.76271
4.72698
4.70187
4.67836
4.64521
4.60661
4.55682
4.48119
4.45786
4.40447
4.34463
4.30694
4.25953
4.20519
4.1512
4.09774
4.05952
4.03626
3.99827
3.97804
3.9597
3.9118
3.91974
3.90775
3.89312
3.87843
3.86116
3.87008
3.85567
3.86843
3.89462
3.87287
3.86188
3.86025
3.85422
3.83244
3.85556
3.86072
3.84142
3.86111
3.82459
3.84232
3.84922
3.83582
3.84292
3.82466
3.81831
3.82439
3.80927
3.81578
3.80242
3.80151
3.79478
3.76586
3.79543
3.78946
3.78243
3.73745
3.7499
3.74513
3.70654
3.70429
3.69238
3.66594
3.65553
3.62651
3.61114
3.58504
3.58887
3.55022
3.50924
3.52095
3.49103
3.45397
3.43656
3.43575
3.40066
3.38966
3.36793
3.37012
3.32577
3.32519
3.31
3.31011
3.26931
3.28744
3.27575
3.2497
3.24998
3.24082
3.25777
3.24713
3.22045
3.21852
3.21253
3.21679
3.21585
3.18292
3.18394
3.20121
3.18031
3.15252
3.17008
3.16286
3.13934
3.12942
3.14387
3.11233
3.09562
3.09099
3.11157
3.09261
3.08242
3.05677
3.04609
3.04077
3.01271
3.02755
3.00933
2.9764
2.9739
2.98249
2.94948
2.94514
2.92774
2.91158
2.89719
2.90719
2.88599
2.84931
2.84546
2.82593
2.855
2.82054
2.79272
2.80825
2.79892
2.78535
2.77966
2.74817
2.75598
2.74163
2.74361
2.72631
2.70351
2.71497
2.71032
2.69994
2.70412
2.68946
2.68753
2.6687
2.64313
2.64196
2.63476
2.65032
2.62866
2.62243
2.61163
2.60807
2.58279
2.57461
2.58173
2.55805
2.56612
2.56113
2.54945
2.53095
2.52468
2.49795
2.50865
2.50304
2.49029
2.46108
2.45699
2.46425
2.44026
2.44531
2.44064
2.39804
2.40521
2.38818
2.39152
2.39022
2.38906
2.37992
2.37743
2.35392
2.35589
2.33703
2.32878
2.32355
2.31702
2.30831
2.3156
2.29268
2.29342
2.27227
2.28561
2.24802
2.25242
2.24295
2.21588
2.23189
2.22569
2.19743
2.21125
2.21437
2.19865
2.18625
2.18011
2.17291
2.16622
2.14904
2.14442
2.11999
2.14345
2.1364
2.11875
2.10534
2.09519
2.08994
2.07679
2.0839
2.07587
2.07835
2.05624
2.06366
2.0562
2.07349
2.03033
2.01873
2.00825
2.03389
2.002
1.99974
1.99532
2.0095
1.97584
1.99069
1.96198
1.97499
1.95412
1.93467
1.94512
1.92457
1.93349
1.9147
1.91906
1.90612
1.90331
1.88338
1.88043
1.87861
1.86293
1.85193
1.8571
1.84912
1.84266
1.83907
1.81621
1.816
1.83682
1.81378
1.81583
1.80751
1.78476
1.79767
1.76578
1.77614
1.74474
1.77413
1.75736
1.75586
1.73098
1.75323
1.71864
1.73272
1.71635
1.71333
1.70689
1.71374
1.67742
1.72031
1.69676
1.69101
1.6707
1.66533
1.66128
1.64156
1.66595
1.63063
1.65177
1.64128
1.64364
1.62467
1.63011
1.60999
1.61044
1.61021
1.59847
1.61332
1.57152
1.58281
1.59228
1.58365
1.5712
1.55966
1.54723
1.55393
1.53222
1.52949
1.5149
1.53873
1.52526
1.50015
1.49924
1.49363
1.48954
1.48845
1.48876
1.48352
1.47774
1.46703
1.44602
1.46525
1.45386
1.44019
1.44652
1.42955
1.43563
1.42228
1.42861
1.43165
1.40987
1.40183
1.40383
1.41645
1.37683
1.38663
1.39229
1.38171
1.39034
1.37539
1.35967
1.36094
1.34733
1.356
1.35171
1.34925
1.32141
1.34677
1.32471
1.31313
1.33293
1.31669
1.31374
1.30983
1.29643
1.29966
1.29886
1.29087
1.28306
1.27745
1.2763
1.2796
1.2487
1.23779
1.24637
1.2404
1.25419
1.2323
1.24317
1.24264
1.2463
1.2321
1.23099
1.20985
1.19813
1.21028
1.21914
1.20373
1.18833
1.18232
1.20694
1.18038
1.20201
1.17716
1.15808
1.18029
1.17146
1.15838
1.14843
1.15604
1.13513
1.13285
1.12791
1.13398
1.13644
1.136
1.12265
1.13606
1.12693
1.10983
1.11884
1.12511
1.11728
1.10274
1.10581
1.09154
1.0968
1.07502
1.11007
1.08527
1.05956
1.07277
1.08173
1.05061
1.04571
1.03288
1.04199
1.04943
1.04548
1.03627
1.04371
1.03021
1.02582
1.01904
1.0322
1.02694
1.02171
1.01796
1.00881
1.01675
1.00962
0.987303
0.977155
0.968207
0.977279
0.974709
0.96735
0.980807
0.965977
0.970788
0.971484
0.957432
0.943351
0.932651
0.95431
0.946316
0.928089
0.934524
0.95555
0.925314
0.930963
0.929762
0.921583
0.905412
0.910112
0.927215
0.917233
0.896648
0.896763
0.889647
0.878225
0.895
0.875913
0.883234
0.864364
0.864637
0.857768
0.890224
0.852329
0.866924
0.840578
0.873072
0.852011
0.860829
0.840778
0.831501
0.839377
0.849163
0.831694
0.830731
0.831427
0.844838
0.819715
0.831752
0.831566
0.814916
0.81719
0.799196
0.79844
0.791263
0.797898
0.776081
0.797097
0.797027
0.773629
0.778692
0.786441
0.795994
0.777832
0.790378
0.752482
0.767575
0.785775
0.759756
0.746151
0.764002
0.734499
0.75663
0.739069
0.744236
0.755285
0.724685
0.760265
0.740471
0.731781
0.716422
0.728392
0.732405
0.711317
0.719465
0.709898
0.718888
0.709045
0.707817
0.714783
0.687077
0.690029
0.689511
0.715481
0.69996
0.689396
0.683265
0.680527
0.681094
0.677721
0.686073
0.669545
0.673949
0.686632
0.648551
0.655242
0.655659
0.661483
0.656959
0.680098
0.650493
0.654351
0.648628
0.648273
0.644791
0.645753
0.617338
0.64357
0.635039
0.639548
0.632223
0.640011
0.639733
0.621442
0.625746
0.619249
0.604348
0.618732
0.609593
0.602294
0.607468
0.59565
0.603244
0.594209
0.611178
0.593841
0.599598
0.587734
0.587269
0.6065
0.607155
0.597473
0.578964
0.595399
0.582518
0.564519
0.586251
0.570753
0.575844
0.572061
0.581311
0.575172
0.549757
0.560505
0.564551
0.583612
0.543354
0.543483
0.555954
0.542656
0.556459
0.545466
0.539062
0.540779
0.530858
0.508364
0.528801
0.533438
0.546765
0.510474
0.513342
0.537895
0.511679
0.526486
0.508047
0.509559
0.520184
0.493456
0.507213
0.495659
0.519803
0.501744
0.505679
0.490073
0.507968
0.510821
0.480706
0.489043
0.499619
0.487036
0.498713
0.485503
0.483431
0.483157
0.489797
0.498873
0.479704
0.484885
0.460195
0.451482
0.457229
0.464803
0.471728
0.461245
0.469211
0.465471
0.444194
0.45898
0.45348
0.467263
0.450096
0.455816
0.450344
0.435706
0.452513
0.437241
0.442855
0.46244
0.412269
0.438264
0.449821
0.428645
0.435885
0.439912
0.428245
0.441797
0.431133
0.417258
0.434274
0.413349
0.432552
0.417531
0.412957
0.425624
0.419134
0.41414
0.425369
0.398881
0.424482
0.393444
0.428555
0.423393
0.407507
0.428471
0.411592
0.396077
0.383354
0.405599
0.400231
0.376662
0.375561
0.387673
0.388975
0.388808
0.380181
0.397345
0.389779
0.377138
0.363625
0.378616
0.393283
0.388422
0.359216
0.36657
0.353666
0.365718
0.380631
0.369377
0.389344
0.38318
0.357651
0.357603
0.362057
0.371704
0.357848
0.365449
0.374181
0.351185
0.356655
0.352816
0.360614
0.353241
0.372963
0.347593
0.347249
0.342925
0.331703
0.331072
0.349802
0.350953
0.346052
0.332726
0.349406
0.347386
0.332886
0.329881
0.339798
0.337457
0.333032
0.323725
0.323493
0.342538
0.325048
0.340178
0.328915
0.325844
0.319476
0.329878
0.308958
0.319946
0.323039
0.310132
0.336059
0.322764
0.317302
0.31465
0.341853
0.330647
0.332106
0.342449
0.326153
0.325419
0.333025
0.334494
0.333426
0.325343
0.327679
0.327803
0.32165
0.322362
0.337455
0.333961
0.327776
0.311489
0.322541
0.327077
0.330089
0.323901
0.325666
0.312892
0.324395
0.328858
0.322116
0.336116
0.338493
0.326652
0.330908
0.327564
0.30863
0.334498
0.324025
0.331897
0.309205
0.328218
0.304661
0.304429
0.337543
0.314981
0.332696
0.324654
0.328869
0.333485
0.323414
0.348869
0.318668
0.335069
0.330002
0.334694
0.344346
0.342242
0.330547
0.324033
0.333845
0.334062
0.340617
0.334972
0.342112
0.320659
0.338535
0.332982
0.338725
0.342318
0.33925
0.32886
0.335712
0.317615
0.336096
0.336509
0.329611
0.3045
0.330032
0.332718
0.312373
0.333785
0.32891
0.335766
0.333393
0.319769
0.327115
0.321903
0.310779
0.322827
0.324436
0.324174
0.337131
0.32817
0.31684
0.322781
0.335782
0.316148
0.30315
0.311643
0.329855
0.316566
0.329442
0.337361
0.330525
0.309729
0.327772
0.321053
0.332856
0.315836
0.343979
0.334441
0.332467
0.345467
0.314299
0.366575
0.335497
0.339524
0.316585
0.334939
0.3283
0.357364
0.339809
0.322473
0.338571
0.332271
0.340619
0.339588
0.324721
0.346
0.322117
0.328293
0.32786
0.341235
0.32354
0.32992
0.342644
0.345029
0.32794
0.343282
0.323442
0.322821
0.337008
0.337655
0.347107
0.339856
0.322697
0.33853
0.34605
0.323675
0.351966
0.336837
0.316377
0.330437
0.327067
0.325026
0.319
0.329826
0.319047
0.330256
0.31795
0.328217
0.332336
0.317668
0.341752
0.319598
0.332435
0.306256
0.341138
0.332284
0.330979
0.314818
0.33226
0.328642
0.336657
0.313077
0.321991
0.330715
0.330207
0.332026
0.333077
0.318221
0.333746
0.32405
0.317651
0.328783
0.322886
0.328246
0.313659
0.32331
0.324375
0.327211
0.32861
0.334235
0.335716
0.336734
0.324892
0.332323
0.33673
0.326084
0.336017
0.325912
0.316859
0.325381
0.355196
0.325066
0.322871
0.352774
0.309637
0.340681
0.320629
0.323461
0.333772
0.327237
0.327954
0.325109
0.333181
0.330187
0.322764
0.327117
0.326905
0.329825
0.338604
0.334288
0.330768
0.331526
0.327763
0.313713
0.321932
0.316342
0.309802
0.331099
0.322896
0.309278
0.318259
0.329606
0.325688
0.32403
0.31332
0.313593
0.326333
0.318565
0.340642
0.321962
0.330974
0.316315
0.332579
0.322032
0.322537
0.323602
0.323775
0.329237
0.33486
0.308701
0.321024
0.303816
0.343754
0.345891
0.330705
0.319087
0.336172
0.322467
0.326739
0.314001
0.328291
0.313273
0.329849
0.320849
0.329327
0.33131
0.318464
0.319531
0.336091
0.335315
0.321613
0.320424
0.328541
0.333887
0.348805
0.314924
0.331284
0.332176
0.320068
0.319086
0.34767
0.333215
0.319499
0.319264
0.332069
0.331623
0.314115
0.32406
0.327411
0.315667
0.336974
0.319394
0.34302
0.358634
0.351167
0.332296
0.338624
0.328552
0.320702
0.309656
0.334909
0.338432
0.328169
0.327725
0.32321
0.336467
0.334314
0.327029
0.31872
0.324954
0.33212
0.331527
0.33345
0.324758
0.320248
0.327097
0.327382
0.342216
0.311039
0.323921
0.317921
0.317458
0.320307
0.311809
0.319802
0.32854
0.322439
