0
0.0179735
0.017534
0.0160654
0.0107598
0.019674
0.0066362
0.00477074
0.00625265
0.00723353
0.00688229
0.00817486
0.0134773
0.00649089
0.0174325
0.00397201
0.00904329
0.00714794
0.014221
0.0181276
0.020596
0.0278276
0.00748304
0.0206713
0.0095903
0.0193007
0.0404762
0.0325329
0.038059
0.0276313
0.0280101
0.0486159
0.0400914
0.0524988
0.0479234
0.055036
0.0612581
0.05337
0.0578471
0.0624654
0.0713531
0.0734039
0.0708515
0.0769477
0.103044
0.0990979
0.103064
0.110836
0.119791
0.133024
0.119723
0.126729
0.149352
0.133372
0.148225
0.153554
0.158232
0.175296
0.190684
0.198951
0.189051
0.222253
0.224542
0.231118
0.246288
0.242184
0.253009
0.253803
0.285383
0.275151
0.301263
0.312441
0.340398
0.343086
0.349778
0.358656
0.389016
0.391678
0.41751
0.423024
0.435771
0.451837
0.467397
0.506196
0.497372
0.533003
0.545871
0.559556
0.580877
0.597566
0.613255
0.64978
0.67522
0.660337
0.706634
0.722479
0.75185
0.762853
0.793796
0.809383
0.841366
0.857404
0.893127
0.899815
0.932578
0.964203
0.960927
1.02377
1.04894
1.06828
1.09603
1.12922
1.14887
1.18184
1.21284
1.2385
1.2795
1.30818
1.33638
1.36481
1.40264
1.42423
1.48027
1.49359
1.54829
1.57583
1.6036
1.64057
1.67947
1.70882
1.7516
1.7778
1.80534
1.83909
1.87333
1.90861
1.93331
1.98397
2.01247
2.0745
2.11585
2.13758
2.14864
2.20997
2.2434
2.25918
2.31182
2.3531
2.39768
2.41652
2.47315
2.49173
2.55238
2.58736
2.62997
2.67742
2.70795
2.72359
2.7826
2.79808
2.86785
2.88668
2.9222
2.98283
3.01965
3.03162
3.09265
3.12833
3.16869
3.20275
3.24023
3.29437
3.31935
3.35996
3.41697
3.4403
3.48976
3.52172
3.55861
3.62078
3.66975
3.68152
3.73924
3.76582
3.81388
3.84481
3.86916
3.94569
3.98287
4.03115
4.06221
4.09893
4.14279
4.17415
4.20995
4.25818
4.28934
4.32006
4.36432
4.40079
4.45291
4.48976
4.53033
4.54486
4.60603
4.64121
4.67802
4.71295
4.7477
4.79097
4.82738
4.87512
4.88664
4.93029
4.95324
4.95365
4.97902
5.01772
5.00525
5.05255
5.03779
5.04333
5.06911
5.05513
5.07692
5.06807
5.06708
5.07478
5.07297
5.08962
5.07272
5.07216
5.06284
5.05604
5.06302
5.06917
5.06517
5.07374
5.05816
5.06966
5.07706
5.07678
5.07102
5.07079
5.0705
5.06516
5.06945
5.06083
5.07683
5.05342
5.08331
5.05117
5.06295
5.08579
5.07202
5.06781
5.06817
5.07307
5.07884
5.0616
5.06284
5.06379
5.088
5.05919
5.07425
5.07442
5.04825
5.06884
5.06622
5.0531
5.06661
5.08052
5.06499
5.05936
5.06448
5.07941
5.05605
5.06604
5.04829
5.05474
5.0629
5.06648
5.05935
5.06934
5.0684
5.05824
5.07577
5.05172
5.05904
5.05034
5.05975
5.06276
5.06982
5.08045
5.06455
5.05805
5.0581
5.06104
5.05788
5.06898
5.06825
5.07431
5.06237
5.05438
5.06902
5.05299
5.06127
5.04879
5.0736
5.06538
5.05212
5.08181
5.04612
5.05559
5.05299
5.06263
5.04936
5.06681
5.03997
5.06669
5.06789
5.06351
5.06744
5.05092
5.0654
5.05721
5.08026
5.03339
5.07041
5.06642
5.06771
5.04198
5.05198
5.06437
5.0725
5.06277
5.06311
5.04725
5.06157
5.05755
5.06641
5.03795
5.07098
5.04956
5.05981
5.06119
5.06024
5.0494
5.05187
5.06166
5.05658
5.07494
5.06313
5.07076
5.07925
5.05694
5.05113
5.05615
5.03531
5.0605
5.05154
5.04952
5.0417
5.03364
5.04468
5.06592
5.05052
5.03124
5.06047
5.06611
5.03434
5.04923
5.05371
5.06404
5.04223
5.04557
5.04274
5.05692
5.04739
5.05647
5.05187
5.05224
5.04518
5.05166
5.05747
5.05911
5.06159
5.05682
5.0496
5.0606
5.03655
5.03089
5.04337
5.05482
5.02346
5.0448
5.05298
5.05686
5.05251
5.03955
5.0639
5.05629
5.0516
5.04768
5.05858
5.06413
5.06564
5.05061
5.04507
5.06115
5.04586
5.03887
5.0421
5.05114
5.02876
5.04879
5.05072
5.06071
5.03816
5.06706
5.02739
5.02925
5.0472
5.05851
5.06266
5.03935
5.05416
5.03575
5.05709
5.04243
5.05163
5.04923
5.06901
5.05043
5.05719
5.05139
5.04967
5.03946
5.05725
5.05755
5.05259
5.05117
5.0393
5.05142
5.05273
5.04695
5.03865
5.05147
5.03748
5.04019
5.04998
5.06508
5.0292
5.03294
5.05285
5.05557
5.06298
5.03828
5.04116
5.04034
5.05207
5.05884
5.04836
5.05859
5.05526
5.04076
5.04238
5.03973
5.04841
5.05129
5.04082
5.04038
5.03517
5.02744
5.03493
5.05383
5.04216
5.03217
5.03213
5.03828
5.055
5.03909
5.04576
5.03546
5.05188
5.05186
5.05769
5.02912
5.048
5.02837
5.03732
5.0638
5.04221
5.04601
5.03019
5.04054
5.03723
5.04423
5.04644
5.03597
5.05905
5.03695
5.03947
5.04335
5.0484
5.03813
5.04995
5.03931
5.04088
5.05774
5.04408
5.01913
5.02554
5.04517
5.03781
5.04489
5.0464
5.05155
5.0549
5.03314
5.05085
5.03051
5.05704
5.02669
5.03448
5.03388
5.02965
5.03065
5.03895
5.04265
5.03553
5.05427
5.04498
5.04009
5.02728
5.03642
5.05847
5.04384
5.03039
5.03167
5.0459
5.02749
5.03354
5.03595
5.03625
5.0446
5.03807
5.03162
5.058
5.04403
5.03491
5.03263
5.03201
5.03636
5.05539
5.04159
5.06618
5.06373
5.02981
5.04135
5.0391
5.04694
5.03252
5.04597
5.03006
5.04122
5.05588
5.02713
5.04348
5.03379
5.04726
5.03784
5.04167
5.03915
5.06014
5.04903
5.06448
5.02386
5.02537
5.02414
5.0431
5.029
5.04495
5.02315
5.04247
5.05497
5.03298
5.03128
5.04426
5.03132
5.03572
5.02594
5.03665
5.05186
5.02628
5.03081
5.01883
5.02096
5.01181
5.04847
5.05183
5.04595
5.04431
5.04857
5.03506
5.03247
5.03918
5.03229
5.04466
5.02187
5.03882
5.02672
5.03669
5.01699
5.03627
5.0465
5.03503
5.04525
5.03698
5.04473
5.02997
5.03216
5.04036
5.05539
5.03687
5.04108
5.03859
5.02871
5.04222
5.02211
5.03045
5.04063
5.03219
5.01569
5.05093
5.03426
5.03091
5.03438
5.02435
5.02414
5.04639
5.03356
5.04353
5.04192
5.0276
5.03723
5.0324
5.04134
5.02332
5.01247
5.02569
5.03429
5.02575
5.02983
5.01585
5.02625
5.03761
5.05037
5.01724
5.02512
5.03793
5.03541
5.06695
5.01228
5.04837
5.05091
5.02927
5.03359
5.05034
5.02915
5.03921
5.02342
5.05401
5.02253
5.03752
5.02958
5.04754
5.03316
5.03921
5.01713
5.04286
5.04327
5.03969
5.02547
5.03707
5.02826
5.0609
5.03998
5.03086
5.04349
5.03131
5.03918
5.03574
5.01635
5.0234
5.0414
5.03438
5.02773
5.03779
5.04844
5.02697
5.03691
5.02212
5.033
5.03263
5.02005
5.02667
5.03958
5.01879
5.03398
5.03531
5.03984
5.03194
5.03572
5.03437
5.04752
5.03393
5.01934
5.01698
5.03971
5.022
5.04022
5.03678
5.03525
5.04091
5.03679
5.03489
5.02196
5.03447
5.04956
5.03061
5.0287
5.02922
5.0364
5.03843
5.03928
5.04939
5.03825
5.05091
5.03428
5.01463
5.0463
5.02543
5.02508
5.0397
5.0282
5.02538
5.01766
5.03215
5.02675
5.04911
5.03489
5.02749
5.03305
5.02695
5.02196
5.03931
5.0441
5.03919
5.05511
5.0281
5.01781
5.03714
5.036
5.03278
5.03218
5.03274
5.04947
5.01432
5.03128
5.03581
5.01603
5.03497
5.03313
5.03133
5.03148
5.02622
5.02623
5.02968
5.03491
5.04262
5.02436
5.03811
5.03706
5.02889
5.03705
5.01829
5.02856
5.04316
5.03561
5.04861
5.02946
5.03665
5.02948
5.03565
5.04939
5.03079
5.02615
5.02244
5.03891
5.0394
5.03484
5.04982
5.05108
5.03101
5.02831
5.03372
5.05446
5.02693
5.06077
5.04903
5.03294
5.04531
5.03668
5.03597
5.04858
5.0163
5.03735
5.01789
5.04022
5.03956
5.04061
5.02141
5.02244
5.038
5.04673
5.02813
5.05096
5.02642
5.04345
5.02417
5.03626
5.02699
5.03375
5.03844
5.03757
5.03504
5.03801
5.02469
5.02933
5.02166
5.03706
5.03398
5.03543
5.03663
5.03576
5.03682
5.02912
5.03794
5.03695
5.03653
5.04951
5.03227
5.03139
5.03149
5.03414
5.02698
5.03412
5.03585
5.02525
5.0147
5.0247
5.02623
5.01814
5.03733
5.04207
5.02955
5.02596
5.03085
5.02501
5.02815
5.0387
5.05564
5.04368
5.01724
5.02801
5.02173
5.04789
5.02021
5.044
5.01189
5.02999
5.01353
5.028
5.04703
5.03857
5.01518
5.02899
5.03749
5.03566
5.02751
5.0394
5.01843
5.04597
5.04041
5.04003
5.05042
5.02322
5.04775
5.01674
5.03373
5.0284
5.02588
5.04203
5.02728
5.01676
5.02805
4.99718
5.01691
5.03095
5.01214
5.02853
5.03373
5.04398
5.05188
5.02156
5.03412
5.02521
5.01712
5.0171
5.01534
5.04671
5.02199
5.02432
5.02773
5.02858
5.03925
5.0252
5.02767
5.03445
5.04139
5.006
5.0394
5.01789
5.03812
5.03033
5.02617
5.02419
5.01833
5.0353
5.0388
5.04768
5.03449
5.04142
5.027
5.03466
5.01184
5.03817
5.02647
5.0104
5.03485
5.02675
5.02684
5.02812
5.03216
5.05044
5.0134
5.03804
5.04603
5.02917
5.0272
5.02825
5.02196
5.02416
5.02697
5.02722
5.02659
5.02964
5.03538
5.02795
5.03362
5.02921
5.0372
5.02586
5.04289
5.02739
5.04203
5.02856
5.03238
5.02308
5.02412
5.04088
5.02194
5.02148
5.04186
5.02341
5.0375
5.02201
5.03309
5.02616
5.01618
5.03482
5.01837
5.03188
5.02154
5.0282
5.03055
5.04726
5.01383
5.03267
5.04216
5.04255
5.02051
5.01103
5.02641
5.02642
5.0365
5.03845
5.02305
5.01552
5.02348
5.04104
5.02925
5.03328
5.04988
5.03721
5.03652
5.02959
5.03507
5.04089
5.02788
5.02364
5.03573
5.02521
5.01858
5.03943
5.02463
5.02487
5.00945
5.02787
5.03842
5.03075
5.03051
5.02643
5.04143
5.02543
5.03673
5.0364
5.01564
5.02203
5.03732
5.0205
5.01804
5.02511
5.01943
5.04021
5.04375
5.03376
5.02811
4.99767
5.03708
5.03744
5.03285
5.0175
5.03795
5.01928
5.03388
5.0211
5.04512
5.02751
5.03531
5.04741
5.04085
5.00082
5.01184
5.04336
5.05361
5.0014
5.03452
5.01643
5.00848
5.02208
5.04395
5.02848
5.04333
5.03146
5.02611
5.03633
5.03034
5.01014
5.02099
5.04254
5.02591
5.04553
5.02023
5.04118
5.0236
5.03468
5.02464
5.03591
5.03034
5.02536
5.0298
5.02256
5.00864
5.00976
5.02842
5.0336
5.03194
5.03117
5.02161
5.03447
5.0255
5.02113
5.0111
5.03325
5.02589
5.03749
5.02557
5.01266
5.03002
5.03455
5.01621
5.03024
5.03597
5.02319
5.02615
5.03087
5.02795
5.03899
5.04744
5.01515
5.01615
5.02043
5.02624
5.02209
5.03386
5.03036
5.02788
5.03939
5.04549
5.03258
5.02849
5.0356
5.01805
5.0265
5.03695
5.02003
5.02557
5.02404
5.04101
5.02931
5.03253
5.02869
5.02922
5.01753
5.03503
5.02309
5.02021
5.02477
5.04009
5.04449
5.03881
5.02667
5.0195
5.03011
5.00854
5.04136
5.02981
5.03669
5.00702
5.04415
5.01212
5.02492
5.03025
5.04022
5.02677
5.036
5.02959
5.04052
5.04885
5.03044
5.02346
5.02514
5.03705
5.01706
5.00938
5.02633
5.0125
5.01851
5.03106
5.03953
5.02318
5.02359
5.02467
5.01676
5.01882
5.03023
5.01191
5.01686
5.02079
5.02497
5.03643
5.02396
5.03207
5.03488
5.01857
5.02485
5.01084
5.02432
5.03093
5.03893
5.02331
5.03402
5.0202
5.03622
5.04205
5.02871
5.03364
5.02306
5.04077
5.02521
5.01066
5.03686
5.03286
5.00367
5.03563
5.02037
5.024
5.02903
5.04063
5.02518
5.01833
5.02154
5.02475
5.02012
5.0431
5.01529
5.02518
5.04966
5.03448
5.01486
5.03053
5.02404
5.02303
5.01695
5.03919
5.03188
5.02586
5.00794
5.01847
5.04296
5.02615
5.03156
5.02126
5.02727
5.03451
5.0324
5.03472
5.03685
5.02061
5.02569
5.0307
5.01854
5.02322
5.04804
5.02742
5.02662
5.03019
5.03246
5.0431
5.03091
5.04485
5.03868
5.02657
5.0295
5.03504
5.01241
5.02541
5.03556
5.02449
5.02343
5.02756
5.04104
5.02933
5.02298
5.03146
4.99918
5.00162
5.02474
5.03001
5.02476
5.02486
5.03686
5.03312
5.02719
5.01663
5.02609
5.02482
5.03341
5.00792
5.0326
5.00845
5.03584
5.02194
5.01318
5.02303
5.03273
5.04331
5.02823
5.03189
5.03017
5.03305
5.01793
5.03475
5.02795
5.03709
5.01501
5.02703
5.03341
5.03282
5.03042
5.03865
5.03104
5.01033
5.02917
5.02237
5.01831
5.01858
5.0312
5.02076
5.00761
5.01914
5.01785
5.04992
5.03667
5.02167
5.04286
5.01849
5.03152
5.00936
5.02633
5.03635
5.02238
5.02554
5.02306
5.01459
5.02182
5.02393
5.02445
5.04651
5.02144
5.03539
5.03222
5.01627
5.01311
5.01911
5.02353
5.03686
5.01533
5.0138
5.01965
5.0321
5.0328
5.02073
5.02402
5.03929
5.02984
5.02745
5.00656
5.00647
5.01855
5.03852
5.02905
5.00728
5.01271
5.03142
5.02777
5.02966
5.0276
5.01833
5.02579
5.02719
5.03173
5.01188
5.03389
5.015
5.02923
5.03641
5.0325
5.02249
5.01278
5.03254
5.03632
5.02246
5.02709
5.02723
5.05003
5.02491
5.02444
5.0242
5.0241
5.01866
5.03187
5.01823
5.03352
5.05002
5.00617
5.03235
5.03178
5.013
5.0249
5.02085
5.04501
5.02608
5.02319
5.02699
5.0414
5.03526
5.02088
5.02798
5.04447
5.03259
5.04297
5.00718
5.04296
5.03233
5.01109
5.01603
5.01622
5.0155
5.03142
5.0137
5.0321
5.03502
5.04372
5.0231
5.03663
5.01301
5.01691
5.01068
5.01612
5.01532
5.0342
5.02212
5.04739
4.9948
5.03767
5.03296
5.01662
5.01407
5.03564
5.02835
5.01969
5.01031
5.013
5.01684
5.02605
5.01181
4.99721
5.03915
5.02533
5.0342
5.04192
5.02553
5.03645
5.01385
5.03352
5.0347
5.03108
5.0354
5.03489
5.0265
5.03404
5.02415
5.02735
5.02109
5.03824
5.0198
5.03824
5.02741
5.02497
5.01996
5.01784
5.03545
5.02182
5.02562
5.02884
5.02218
5.03835
5.03469
5.02648
5.02921
5.02144
5.02281
5.02793
5.03565
5.0131
5.02383
5.03243
5.03597
5.04239
5.03876
5.0163
5.03275
5.0182
5.02506
5.03034
5.03134
5.02608
5.02921
5.0343
5.0083
5.0188
5.02923
5.03257
5.01002
5.01938
5.02324
5.03205
5.0421
5.04192
5.04362
5.03008
5.02873
5.02546
5.01088
5.00586
5.01783
5.01221
5.01964
5.03461
5.012
5.02772
5.0235
5.0205
5.02529
5.0224
5.01133
5.0276
5.02957
5.01938
5.04645
5.01764
5.05329
5.02085
5.02167
5.00558
5.03127
5.0141
5.02324
5.0157
5.01244
5.03724
5.02867
5.04427
5.01282
5.01827
5.01962
5.02637
5.02208
5.00256
5.02945
5.0291
5.0307
5.01464
5.02908
5.02785
5.01972
5.03522
5.00328
5.03683
5.02059
5.02727
5.03579
5.02861
5.01543
5.03426
5.02183
5.01751
5.02347
5.01677
5.01251
5.01546
5.03214
5.0321
5.02762
5.03284
5.02698
5.03788
5.03942
5.02394
5.03302
5.02763
5.02896
5.02758
5.0244
5.03033
5.03779
5.03471
5.03465
5.01245
5.02029
5.0183
5.04321
5.03573
5.02095
5.01963
5.02792
5.02781
5.02276
5.05415
5.02494
5.03788
5.02392
5.02724
5.02887
5.02023
5.02924
5.01471
5.00825
5.02736
5.02422
5.03308
5.03848
5.01813
5.01031
5.02446
5.04019
5.01987
4.9913
5.03336
5.01492
5.04473
5.03385
5.01405
5.03325
5.02533
5.01316
5.02659
5.03501
5.03425
5.02719
5.04021
5.02679
5.01955
5.02389
5.01309
5.01826
5.0293
5.02196
5.0213
5.00862
5.0316
5.02702
5.02758
5.02405
5.03507
5.02486
5.03275
5.02626
5.01484
5.0178
5.03459
5.02779
5.01705
5.0223
5.02005
5.01847
5.03049
5.03161
5.02535
5.02964
5.01524
5.02077
5.0425
5.02784
5.03722
5.02245
5.00701
5.04039
5.02351
5.04342
5.01963
5.02288
5.03849
5.00289
5.01055
5.04529
5.01546
5.03478
5.00595
5.0268
5.02407
5.00979
5.00301
5.02756
5.03
5.03147
5.00358
5.04389
5.03839
5.01872
5.02122
5.03769
5.01435
5.04059
5.02348
5.01103
5.01776
5.0377
5.00248
5.02661
5.01464
5.02997
5.02773
5.02469
4.99825
5.02502
5.00223
5.02406
4.99804
5.02998
5.01809
5.00719
5.03832
5.0289
5.01402
5.02275
5.03627
5.02158
5.03552
5.01826
5.03509
5.03498
5.0021
4.99804
5.01368
5.01264
5.01942
5.01362
5.05487
5.04689
5.02283
5.03191
5.0385
5.03505
5.02857
5.03563
5.01449
5.03557
5.02434
5.02137
5.01136
5.02396
5.00545
5.00622
5.02838
5.04012
5.02543
5.02793
5.02898
5.02059
5.02525
5.02617
5.02683
5.03541
5.01516
5.03224
5.02993
5.04326
5.02027
5.00149
5.03164
5.04014
5.04635
5.03797
5.02438
5.01941
5.02685
5.03408
5.03113
5.03821
5.01665
5.01615
5.02375
5.05342
5.02193
5.02137
5.02951
5.03792
5.03281
5.04193
5.03826
5.03029
5.04572
5.01412
5.02638
5.01323
5.02623
5.01941
5.02409
5.02463
5.02238
5.01817
5.02094
5.0172
5.0269
5.03522
5.03477
5.02831
5.04039
5.0373
5.03035
5.03551
5.03082
5.02112
5.02184
5.02267
5.03095
5.03149
5.03513
5.03949
5.04016
5.01817
5.01818
5.01172
5.02354
5.01852
5.02467
5.0304
5.01741
5.00848
5.02762
5.02434
5.02791
5.03043
5.03027
5.03887
5.0433
5.0349
5.02466
5.01415
5.01868
5.02955
5.00876
5.03033
5.02908
5.02722
5.01931
5.02659
5.02897
5.04044
5.02327
5.02535
5.01988
5.02735
5.02404
5.02243
5.04259
5.00947
5.03984
5.03925
5.03005
5.02108
5.01313
5.01994
5.03363
5.01659
5.03383
5.02073
5.01484
5.01843
5.0231
5.02255
5.02122
5.0201
5.03112
5.02805
5.02238
5.01326
5.03092
5.01984
5.02605
5.02273
5.01805
5.00995
5.0285
5.0307
5.03034
5.02677
5.02588
5.01265
5.03519
5.01181
5.02834
5.01476
5.01271
5.02565
5.01323
5.02945
5.03351
5.04032
5.04197
5.00616
5.01235
5.02547
5.03562
5.00457
5.02918
5.0048
5.0237
5.03407
5.01976
5.01462
5.01919
5.02937
5.03879
5.04387
5.02385
5.02672
5.02571
5.0335
5.02415
5.0102
5.01863
5.03833
5.03432
5.02861
5.02922
5.01755
5.01827
5.02369
5.02891
5.03437
5.03168
5.03163
5.0199
5.02605
5.02007
5.01322
5.03119
5.02689
5.02447
5.01935
5.02207
5.03002
5.0068
5.0221
5.04516
5.03261
5.01356
5.01494
5.03772
5.03332
5.03531
5.02589
5.02864
5.05357
5.00575
5.0237
5.02928
5.03358
5.02568
5.03385
5.01031
5.02403
5.01459
5.03056
5.02595
5.01655
5.02148
5.03496
5.02222
5.01425
5.01399
5.01815
5.01712
5.02163
5.0292
5.03165
5.02235
5.03137
5.01751
5.00054
5.02063
5.03411
5.02239
5.02007
5.01038
5.01276
5.01505
5.01816
5.03192
5.03706
5.02628
5.02506
5.01126
5.0351
5.01629
5.02189
5.03075
5.03281
4.99794
5.03464
5.00095
5.03243
5.0232
5.02546
5.02123
5.02359
5.02433
5.01615
5.01855
5.02667
5.00307
5.01547
5.04223
5.01797
5.02894
5.02992
5.0061
5.01648
5.02854
5.03283
5.03743
5.03391
5.00766
5.04071
5.01971
5.01185
5.01827
5.03965
5.04337
5.0298
5.01364
5.02231
5.01943
5.02135
5.01053
5.04936
5.01726
5.02569
5.02601
5.04913
5.03089
5.01257
5.01233
5.02161
5.02367
5.01369
5.00972
5.01717
5.01912
4.99817
5.00833
5.02201
5.0202
5.03242
5.03229
5.01579
5.02103
5.02481
5.02496
5.01352
5.02224
5.0108
5.02199
5.01806
5.01481
5.01187
5.02737
5.0325
5.0282
5.0239
5.01065
5.03133
5.02405
5.02765
5.01133
5.0134
5.0251
5.0456
5.03205
5.02119
5.04478
5.02395
5.01372
5.02455
5.03256
5.02781
5.019
5.03237
5.01965
5.01839
5.01972
5.0196
5.01838
5.0305
5.00824
4.99553
5.02508
5.0339
5.03113
5.00751
5.00548
5.01611
5.02621
5.01746
5.04484
5.0108
5.0219
5.00328
5.02743
5.0232
5.02637
5.01228
5.04264
5.02051
5.01899
5.02801
5.00201
5.02493
5.02549
5.05802
5.02172
5.02617
5.02767
5.00848
5.01716
5.02093
5.03229
5.01374
5.02082
5.02188
5.00789
5.03204
5.02506
5.01544
5.02931
5.0277
5.042
5.01866
5.03285
5.02237
5.02257
5.0295
5.02095
4.99573
5.02519
5.02491
5.02703
5.03016
5.03692
5.02088
5.01932
5.02386
5.01588
5.02143
5.02475
5.01889
5.02445
5.01679
5.02065
5.01985
5.0177
5.03636
5.02285
5.02269
5.03252
5.01957
5.02382
5.01468
5.02925
5.02229
5.03499
5.02288
5.01807
5.0275
5.01268
5.01182
5.04001
5.02137
5.02568
5.01747
5.0249
5.01224
5.04161
5.018
5.03813
5.01847
5.02402
5.01038
5.03276
5.01452
5.01766
5.03335
5.01429
5.02774
5.02331
5.04404
5.03215
5.03113
5.02154
5.01804
5.01445
5.02784
5.03939
5.04545
5.01642
5.02491
5.03268
5.02319
5.02704
5.00708
5.02407
5.02917
5.01516
5.02505
5.01987
5.01667
5.02075
5.02444
5.01195
5.02191
5.01443
5.03762
5.01371
5.02471
5.00748
4.99686
5.02474
5.02397
5.01371
5.01274
5.01485
5.00611
5.02526
5.01574
5.02729
5.02121
5.00748
5.02558
5.01292
5.02998
5.01581
5.01998
5.0243
5.03359
5.02391
5.02367
5.02381
5.01593
5.05293
5.03879
5.01469
5.02552
5.01536
5.02369
5.04201
5.01367
5.01291
5.02182
5.02092
5.02402
5.02774
5.01549
5.00949
5.02614
5.03263
5.02069
5.0321
5.03099
5.02614
5.03257
5.00992
5.0388
5.0319
5.00364
5.02093
5.02104
5.01267
5.00658
5.0338
5.02704
5.01939
5.0124
5.01567
5.03533
5.0182
5.01953
5.02322
5.02066
5.00874
5.03116
5.02164
5.02494
5.00908
5.01417
5.00058
5.0096
5.01865
5.02007
5.02313
5.02305
5.01487
4.99979
5.02694
5.03148
5.01902
5.01835
5.00447
5.01993
5.03609
5.02241
5.01688
5.03055
5.00928
5.02149
5.02277
5.01587
5.03079
5.01131
5.02307
5.01303
5.00297
5.02658
4.99763
5.01497
5.01245
5.01444
5.02983
5.01559
5.01226
5.01338
5.01663
5.0204
5.01367
5.01414
5.013
5.02013
5.01908
5.02559
5.02777
5.02892
5.04155
5.01207
5.01078
5.01061
5.03944
5.02607
5.02352
5.03153
5.02306
5.03047
5.00484
5.00318
5.0286
5.03222
5.03111
5.00573
5.02224
5.00852
5.01865
5.01256
5.00749
5.00691
5.01362
5.01511
5.02877
5.03302
5.01484
5.03277
5.0006
5.02894
5.03204
5.01684
5.00074
5.00985
5.02663
5.03426
5.02584
5.032
5.02029
5.01679
5.01211
5.01075
5.013
5.02387
5.02241
5.0118
5.01899
5.01882
5.00669
5.01263
5.01609
5.02194
5.02848
4.9982
5.00137
5.02725
5.00509
5.02087
5.02208
5.01766
5.00152
5.01403
4.99947
5.02807
5.01923
5.02333
4.99127
5.00433
5.00692
5.01213
5.01451
5.01526
5.00376
5.03585
5.01857
5.02035
5.01327
5.04348
5.02341
5.01042
5.01258
5.01306
5.01847
5.00356
5.00625
5.01818
5.0075
5.01013
5.00908
5.02734
5.02816
5.01147
5.01862
5.01274
5.03138
5.01175
5.01738
5.00087
5.01025
5.03038
5.01967
5.0218
5.01851
5.0113
5.00431
5.02763
5.01665
5.00825
5.02815
5.00295
5.02024
5.03006
5.03434
5.01958
5.01154
5.00919
5.00649
5.01887
5.02189
5.03547
4.99772
5.01874
5.02322
5.00956
5.02303
5.01661
5.01751
5.01611
5.01443
5.02423
5.03068
5.00484
5.00811
4.99781
5.03734
5.03518
5.0286
5.02195
4.99281
5.02918
5.01519
5.00782
5.006
5.01633
5.02128
5.00797
5.02565
5.0355
5.01413
5.00968
5.01551
5.01677
5.01307
4.99646
5.02327
4.99986
5.01127
5.0047
5.02338
5.01111
5.01239
5.01295
5.0008
5.01977
5.00521
5.01075
5.02737
5.01768
5.02589
4.99202
5.01469
5.01921
5.00487
5.01021
5.03602
5.01285
5.02251
5.02347
5.02105
5.03628
5.00965
4.99822
5.01474
5.02237
5.01473
5.01206
5.03117
5.03018
5.01607
5.0168
5.01432
5.02212
5.00988
5.0155
5.01353
5.01389
5.02589
5.00573
5.02001
5.02167
5.02258
5.01702
5.0207
5.00366
5.0102
5.03065
5.02867
5.00441
5.02495
5.02758
5.01526
5.02096
5.02942
5.02554
5.01162
5.01835
5.02394
5.01685
5.02384
5.03013
5.01524
5.01693
5.03904
5.02153
5.00112
5.01364
5.01077
5.02935
5.02402
5.01412
5.01514
5.01177
5.00934
5.01272
5.03821
5.00272
5.00363
4.9965
5.01734
5.00347
4.99288
5.01067
5.0241
5.01096
5.00968
5.0155
5.03653
5.02426
5.01566
5.00007
5.01455
5.00345
5.02501
5.01161
5.0199
5.02124
5.01542
5.01008
4.99367
5.01164
5.0178
5.01312
5.00226
5.03132
5.01112
5.01055
5.01222
5.0225
5.01302
4.99644
5.01324
5.02151
5.02521
5.00082
5.02919
5.03189
5.02077
5.03296
5.02189
5.02898
5.00641
5.01386
5.03158
5.01384
5.02606
5.0154
5.02256
5.02383
5.00682
5.007
5.01993
5.017
5.03072
5.01502
5.02827
5.01291
4.99549
5.02037
5.02434
5.01094
5.01373
5.00335
5.01668
4.98654
5.00713
5.01366
5.00996
5.00977
5.01212
5.02406
5.01655
5.00849
5.01485
5.00193
5.02047
5.0094
5.02367
5.00655
5.02191
5.01448
5.02905
5.02821
5.0052
5.0015
5.02878
5.01254
5.02765
5.01546
5.03096
5.03943
5.03007
5.01246
5.02099
4.99619
5.00645
5.00808
5.02083
5.01583
4.99543
5.01818
5.01695
5.01476
5.00251
5.01808
5.01877
5.00061
5.01892
5.02911
5.00977
5.01917
5.00264
5.00834
5.01623
5.02292
5.01612
5.00833
5.02154
5.00829
5.0203
5.02688
4.99682
5.01049
5.01906
4.99548
5.00324
5.02239
5.00159
5.00345
5.01571
5.00318
5.01679
5.01347
5.0173
5.02158
5.01117
5.01258
5.01185
5.01104
4.99739
5.02628
4.99925
5.0195
5.01759
5.00603
4.99791
5.01742
5.01591
5.01057
5.00195
5.00591
5.00251
5.01274
5.01106
5.02261
5.02462
5.01016
5.01231
5.00479
4.99721
5.01079
5.03518
5.00037
5.00556
5.00546
5.00611
5.00675
5.03499
5.00164
4.99088
4.98343
5.01429
5.00034
5.01237
5.02629
5.00757
5.02277
5.00244
5.02144
5.01481
5.03186
4.99562
5.00441
5.01245
5.0238
5.01126
5.02053
5.00278
5.00855
5.0113
5.00629
5.01331
5.0123
5.02644
5.01317
5.01125
5.0223
5.02093
5.00179
5.01427
5.01272
5.00974
5.02277
5.00826
4.99656
5.01808
5.02506
4.9946
5.01196
5.01871
5.00297
5.00661
5.0306
5.00748
5.02807
5.01806
5.02281
5.01007
5.01905
5.00232
5.01783
5.01245
4.99175
5.00732
5.01692
5.01594
5.01014
5.0129
5.00443
5.01682
5.01951
4.97291
5.00332
5.02519
5.0037
5.00232
5.01575
4.99767
5.00238
5.00735
5.001
5.01668
5.00075
5.00188
5.0086
5.00417
5.0104
5.01254
5.00783
5.00631
4.99588
5.00722
5.03164
5.02154
5.01968
5.01734
5.00247
5.03231
5.0069
5.02324
5.02532
5.00962
4.99893
5.01208
5.02224
5.0021
5.00358
4.99494
5.00687
4.99133
5.02278
5.01794
5.0234
5.00767
5.01487
5.02424
4.99921
5.00851
5.01089
4.99913
4.99381
5.02899
5.01962
4.99987
4.99988
5.0189
4.99934
5.01896
5.00412
5.01256
5.01895
5.00161
4.99522
5.00878
5.01911
4.99912
5.01014
4.99783
5.00592
5.02014
5.00103
5.00227
5.00485
5.02856
5.00791
5.00189
5.00567
5.00402
5.02174
4.99608
5.00914
5.01073
5.01372
5.00782
4.99304
5.01355
4.99887
5.02274
5.0011
5.00733
4.99822
5.02691
4.9949
5.00102
5.02327
4.99243
4.98064
4.99099
4.97067
4.99671
5.01989
4.99819
5.01357
5.00116
5.02879
5.0248
5.00495
5.0033
4.97712
5.0057
5.01539
5.00656
5.01118
5.00564
5.01523
5.00775
5.01369
5.00642
5.01278
5.00434
4.99838
5.01248
5.01105
5.01399
4.99054
5.00876
5.0064
4.99751
5.00178
4.99398
5.00944
5.00198
5.00311
5.00749
5.00304
5.01031
5.00469
5.00814
5.00874
5.01211
4.99202
4.99994
4.99265
5.0095
4.99495
4.99497
5.01692
4.99203
5.00748
5.00682
5.00266
4.99733
4.99257
5.00364
4.99287
5.0152
4.99061
5.01089
4.98235
4.99848
5.00756
5.0047
5.0062
5.00632
4.99643
5.01462
5.001
4.98768
5.02033
4.99569
5.00293
5.01057
5.00555
5.00355
5.01235
4.99482
4.99892
4.99974
4.98553
5.00354
5.00161
5.00319
4.98898
5.00985
5.01319
4.99221
5.00669
5.00397
4.99445
5.02718
5.02007
4.98771
4.9904
5.01254
5.01511
5.00473
5.0041
4.99002
4.99672
5.0038
4.98661
4.99664
5.00359
5.02247
5.0034
4.98782
5.00487
4.99421
5.00383
5.00331
5.01923
4.98797
5.00852
4.9936
5.00792
5.02048
5.00822
4.99801
5.00146
5.00417
4.99935
5.01811
4.98513
5.00355
4.99883
4.99985
4.9926
4.99369
4.99921
4.9832
4.99349
4.99509
4.98413
5.01255
5.01717
4.99637
4.99882
4.99506
5.01582
5.00051
5.0081
4.99841
5.00059
4.99766
5.00744
5.0105
4.99528
5.00105
4.99094
4.99893
5.00086
5.0039
5.01707
4.99776
5.0153
4.99792
4.99342
4.9863
4.99063
4.98377
5.01601
5.00666
4.99489
4.99537
5.00446
5.00129
5.01106
4.99493
5.0133
5.00869
5.01691
4.98713
4.98576
4.98962
5.01002
4.98991
5.01354
5.00313
5.00649
5.00462
4.97801
4.99449
4.9905
5.00619
5.00153
4.99517
4.97606
5.00307
5.00689
4.99167
5.0077
5.00047
4.98258
5.00944
5.00622
4.9711
4.98586
4.99134
4.99462
4.99058
4.98137
5.00523
5.00103
4.99708
4.99315
4.98702
4.99863
4.99443
5.00104
4.98337
4.99741
5.00865
4.99677
4.97489
4.98974
4.99241
4.99076
4.99011
4.98708
5.00675
4.99593
4.99018
4.99134
5.01239
4.99037
4.98172
4.98976
5.00144
5.00714
4.97645
4.98823
4.98632
4.99462
5.00064
5.01032
4.98585
4.99423
4.99092
4.98016
4.99361
4.99128
4.99568
4.96847
4.99266
4.9991
4.99825
4.98644
4.99394
5.00062
4.99289
5.00812
4.97625
5.00207
4.9965
4.99048
4.98979
4.98648
5.00697
4.9883
4.98888
5.00819
4.98533
4.99567
5.00094
4.98486
4.983
4.99737
5.00435
4.9888
4.9752
4.98776
4.98477
4.99144
4.98462
4.99948
5.01329
4.98163
4.99223
4.98438
4.98288
4.98743
5.00345
4.9943
4.98711
5.00989
4.99144
4.97555
4.99748
4.98431
4.99949
5.00677
5.00875
5.00014
4.99504
4.97178
4.98925
4.96966
4.98882
4.98209
5.00097
4.99277
4.98306
4.97671
4.97831
4.98298
4.97831
4.99502
4.98794
4.99944
4.98906
4.96863
4.98898
4.98309
4.97922
4.99124
4.99517
4.99135
5.00246
4.99913
4.99612
4.98666
5.01385
4.98966
4.98563
4.98027
4.9797
4.99875
4.98992
4.98588
5.00037
4.99016
4.99215
5.00244
4.98101
4.97931
4.98895
4.98538
4.97996
4.97843
4.99822
4.99859
4.98543
5.00219
4.98942
4.98626
4.98331
4.98142
4.96803
4.96808
4.97016
4.98316
4.98069
4.97374
4.98762
5.00318
4.9818
4.97873
5.00271
4.98814
5.00055
4.9843
4.98003
4.99143
5.00002
4.98478
4.99193
4.97562
4.97542
4.98093
4.96736
4.98546
4.97912
4.99807
4.98831
4.99067
4.9913
4.98739
4.98161
4.98293
4.99594
4.98308
4.98927
4.98066
4.99042
5.00894
4.9879
4.97538
4.97438
4.98503
4.99426
4.97995
4.99297
4.96935
4.97729
4.97735
4.99452
4.98895
4.96732
5.00115
4.99516
4.9836
4.99601
4.99823
4.99156
4.97186
4.99825
4.98333
4.97715
4.98808
4.97158
4.98689
4.99307
4.9656
4.99428
4.97621
4.98724
4.98279
4.97908
4.98542
4.983
4.96911
4.97778
4.9797
4.96593
4.98304
4.97237
4.97732
4.98529
4.97841
4.97092
5.00529
4.99816
4.98708
4.98448
4.97953
4.9731
4.97142
4.98339
4.99881
4.98154
4.96741
4.98311
4.98524
4.98782
4.97843
4.98659
4.98641
4.98502
4.96967
4.97433
4.99075
4.98138
4.96149
4.97136
4.98463
4.96967
4.97089
4.98442
4.98544
4.97362
4.97239
4.97802
4.96842
5.00541
4.97838
4.97515
4.9707
4.98256
4.99155
4.99411
4.99238
4.96969
4.97177
4.97018
4.97862
4.97077
4.98607
4.98286
4.96437
4.96824
4.97372
4.99837
4.98375
4.96831
4.97341
4.98246
4.98025
4.97795
4.96103
4.96845
4.99445
4.98105
4.97468
4.96615
4.97021
4.98411
4.95528
4.99162
4.96829
4.98376
4.96924
4.97955
4.98879
4.97058
4.9826
4.9608
4.96655
4.96097
4.97877
4.97869
4.96622
4.97157
4.97241
4.97271
4.96776
4.97996
4.97384
4.97002
4.98648
4.95964
4.96937
4.99491
4.9658
4.97476
4.96881
4.99176
4.96524
4.9855
4.9727
4.97012
4.95368
4.98992
4.96899
4.97006
4.99832
4.97658
4.9733
4.96751
4.95934
4.96884
4.97372
4.97804
4.99694
4.98556
4.96974
4.97978
4.97505
4.97172
4.95483
4.96202
4.97308
4.96969
4.99178
4.96251
4.98006
4.96448
4.96559
4.96432
4.96022
4.97852
4.96862
4.98145
4.97257
4.95584
4.95953
4.98415
4.95933
4.9881
4.96916
4.98331
4.97361
4.9675
4.95407
4.97127
4.96018
4.96253
4.96562
4.94882
4.97848
4.96341
4.95697
4.97033
4.9743
4.97472
4.9622
4.94548
4.97042
4.96412
4.98278
4.95022
4.9988
4.95637
4.9675
4.96291
4.96237
4.96629
4.97656
4.96341
4.97532
4.96625
4.95932
4.96867
4.97082
4.9701
4.96957
4.96901
4.97134
4.94341
4.95758
4.95075
4.97225
4.94861
4.94951
4.94398
4.97066
4.95637
4.95376
4.96055
4.95537
4.96656
4.9495
4.96513
4.9645
4.96248
4.97547
4.96073
4.9755
4.97289
4.96185
4.95506
4.96123
4.94498
4.96932
4.94919
4.96421
4.97086
4.93776
4.96368
4.96783
4.94514
4.96043
4.94784
4.96107
4.95432
4.95097
4.96063
4.97504
4.94115
4.95416
4.96269
4.94859
4.9336
4.95626
4.95414
4.96708
4.95042
4.9525
4.96488
4.94368
4.94702
4.95333
4.94503
4.95147
4.96413
4.95509
4.96416
4.96496
4.9589
4.95115
4.96467
4.94497
4.95741
4.94992
4.95059
4.96214
4.96497
4.9538
4.94605
4.94861
4.95071
4.9545
4.96361
4.95585
4.95617
4.95432
4.95056
4.95981
4.93916
4.9434
4.94707
4.9575
4.95063
4.95559
4.95331
4.96421
4.94444
4.95153
4.94705
4.93983
4.95461
4.95867
4.94269
4.96255
4.95012
4.96141
4.94767
4.95566
4.96768
4.93805
4.95215
4.9496
4.96125
4.95614
4.96001
4.9556
4.9468
4.95233
4.93848
4.93654
4.92778
4.95017
4.94246
4.95479
4.95611
4.94466
4.94563
4.93983
4.96027
4.94906
4.94849
4.94106
4.9377
4.93888
4.94334
4.93864
4.9589
4.93676
4.93451
4.94258
4.94126
4.94635
4.95413
4.94662
4.93716
4.95122
4.95087
4.94101
4.93668
4.92184
4.94012
4.96195
4.93801
4.947
4.93282
4.93102
4.94525
4.93929
4.9391
4.93139
4.92583
4.93197
4.9295
4.94354
4.95012
4.95148
4.96227
4.95129
4.94919
4.9224
4.94061
4.94175
4.93931
4.93829
4.94468
4.95171
4.93438
4.92671
4.94089
4.93826
4.93799
4.94169
4.94261
4.93343
4.92844
4.94731
4.94474
4.94602
4.93271
4.94207
4.94279
4.9297
4.93526
4.93796
4.93227
4.92981
4.94025
4.93132
4.92688
4.94468
4.91218
4.93857
4.94972
4.94007
4.95749
4.93477
4.92188
4.93961
4.92843
4.94093
4.93301
4.93112
4.93283
4.94126
4.92757
4.92116
4.94907
4.93851
4.92366
4.9513
4.93149
4.93373
4.95862
4.93612
4.93984
4.93324
4.93551
4.93352
4.93288
4.93711
4.94024
4.93616
4.94072
4.93134
4.94426
4.93707
4.93441
4.92307
4.92452
4.92409
4.94243
4.91758
4.93285
4.95402
4.92465
4.92108
4.92221
4.92454
4.92696
4.93259
4.92171
4.92242
4.92997
4.92796
4.91171
4.92836
4.94708
4.92958
4.92595
4.91837
4.92545
4.91836
4.92495
4.92006
4.91337
4.91626
4.92221
4.93306
4.92236
4.92703
4.91527
4.92165
4.92538
4.92299
4.92893
4.91041
4.91531
4.91379
4.91696
4.90789
4.90202
4.93692
4.90421
4.91186
4.91879
4.92449
4.9206
4.92174
4.91946
4.91314
4.93047
4.94912
4.91807
4.91697
4.92927
4.92628
4.90804
4.9312
4.91795
4.90926
4.90852
4.92904
4.90878
4.92053
4.92236
4.91272
4.91423
4.90787
4.90437
4.93842
4.91742
4.92613
4.94376
4.90183
4.88951
4.91657
4.91251
4.91007
4.91041
4.90707
4.91073
4.90015
4.918
4.92713
4.9136
4.9336
4.91446
4.91689
4.91051
4.90152
4.91505
4.92465
4.91877
4.92361
4.9212
4.8966
4.90851
4.90146
4.90906
4.91476
4.91282
4.91169
4.91811
4.89818
4.91286
4.91328
4.8921
4.90584
4.89446
4.91492
4.90837
4.89981
4.90114
4.9013
4.92051
4.91144
4.91574
4.91387
4.89675
4.90857
4.89997
4.8882
4.89844
4.91126
4.91999
4.92159
4.88905
4.88524
4.9021
4.9103
4.89962
4.89514
4.9115
4.90921
4.89436
4.90989
4.89935
4.88883
4.89166
4.90687
4.8961
4.89205
4.87515
4.90132
4.90743
4.89636
4.88945
4.87564
4.90857
4.89991
4.90751
4.90199
4.89988
4.90358
4.88186
4.90955
4.91022
4.88992
4.90452
4.89025
4.88411
4.89419
4.88615
4.89329
4.90846
4.89386
4.90625
4.88941
4.8966
4.90799
4.89206
4.89987
4.88322
4.88923
4.905
4.8883
4.88142
4.9025
4.89299
4.89994
4.88336
4.89375
4.88493
4.88435
4.89753
4.89131
4.89201
4.88316
4.90664
4.88678
4.89835
4.88758
4.88728
4.89885
4.88813
4.88757
4.8987
4.88645
4.89023
4.89479
4.88748
4.88981
4.88282
4.88798
4.89665
4.87762
4.87763
4.88535
4.87879
4.88966
4.89261
4.88096
4.88262
4.89199
4.8881
4.89872
4.87716
4.88852
4.8715
4.88056
4.85858
4.90397
4.88698
4.881
4.90343
4.88838
4.88669
4.85872
4.87155
4.88039
4.8845
4.89549
4.87835
4.88719
4.8804
4.87428
4.88111
4.86663
4.87694
4.88061
4.87999
4.87126
4.86812
4.864
4.88001
4.88278
4.87624
4.86697
4.88132
4.86729
4.88184
4.85563
4.89082
4.85813
4.86888
4.88496
4.87359
4.88793
4.86662
4.87169
4.87856
4.87687
4.86803
4.85454
4.8818
4.85784
4.8703
4.86753
4.86492
4.8737
4.86067
4.87613
4.87308
4.85258
4.85432
4.87312
4.87714
4.8768
4.85687
4.86528
4.8603
4.86871
4.87044
4.88029
4.87161
4.85979
4.84632
4.86114
4.8792
4.88923
4.85106
4.87761
4.8594
4.85749
4.85512
4.86913
4.87092
4.85807
4.84756
4.87411
4.8403
4.83616
4.85926
4.84078
4.84854
4.85776
4.85103
4.85138
4.86118
4.8485
4.85983
4.85681
4.85818
4.85005
4.85241
4.86414
4.84086
4.86811
4.85467
4.8456
4.87238
4.85347
4.84781
4.84516
4.85881
4.85104
4.83455
4.82287
4.85583
4.84937
4.85091
4.85716
4.85621
4.83953
4.84438
4.86773
4.82746
4.86631
4.83809
4.84538
4.83558
4.85246
4.84605
4.83457
4.83221
4.82438
4.83773
4.84357
4.84297
4.85131
4.84126
4.84637
4.85337
4.83607
4.83674
4.83156
4.84809
4.85161
4.84047
4.84068
4.8396
4.83691
4.8469
4.83379
4.83224
4.82441
4.83085
4.83728
4.83416
4.83154
4.82833
4.84523
4.83592
4.82927
4.83427
4.84004
4.8174
4.83422
4.83267
4.83241
4.83498
4.8297
4.83763
4.8283
4.83844
4.83216
4.82512
4.81403
4.81315
4.83078
4.82844
4.83496
4.82871
4.82118
4.83056
4.84228
4.8183
4.84965
4.81823
4.8354
4.84475
4.8277
4.81774
4.82379
4.83799
4.81981
4.8403
4.81316
4.81205
4.83146
4.81636
4.81786
4.81137
4.83473
4.82394
4.83519
4.82729
4.82896
4.81711
4.82037
4.82957
4.82368
4.82238
4.82012
4.82004
4.81635
4.81397
4.81403
4.83487
4.81518
4.81243
4.81585
4.80536
4.82107
4.82185
4.8267
4.82263
4.81019
4.82022
4.80742
4.80762
4.81375
4.8222
4.80024
4.82112
4.79037
4.8332
4.82104
4.81668
4.8005
4.81877
4.8098
4.80564
4.79505
4.79954
4.79255
4.80717
4.80306
4.81195
4.79425
4.82024
4.80626
4.79444
4.79312
4.78613
4.81346
4.79788
4.79282
4.79115
4.80653
4.80184
4.79752
4.80675
4.79053
4.77878
4.82242
4.81959
4.81267
4.79005
4.80774
4.82101
4.80932
4.79088
4.79776
4.79981
4.7932
4.80237
4.79159
4.80243
4.79245
4.78703
4.79462
4.79143
4.80387
4.79906
4.78093
4.79078
4.79559
4.77707
4.7936
4.80441
4.80501
4.79599
4.77893
4.79135
4.80821
4.77434
4.79275
4.77966
4.77632
4.78229
4.78777
4.78226
4.79555
4.78489
4.77692
4.78313
4.78485
4.78555
4.79504
4.76617
4.80544
4.78391
4.77759
4.75537
4.77091
4.7683
4.7714
4.78235
4.7862
4.77657
4.75816
4.76377
4.76377
4.77467
4.78344
4.78827
4.77691
4.79789
4.78136
4.77506
4.77888
4.7731
4.78457
4.7468
4.77057
4.78602
4.77342
4.77343
4.76454
4.76722
4.7857
4.77142
4.77903
4.76778
4.76832
4.76845
4.77252
4.76591
4.76013
4.75668
4.77651
4.76927
4.76115
4.76203
4.76598
4.74377
4.75797
4.78419
4.74883
4.76371
4.7536
4.77425
4.75725
4.73779
4.75041
4.76113
4.74556
4.7589
4.73875
4.7545
4.74315
4.74067
4.74724
4.74586
4.75622
4.7629
4.7724
4.73872
4.74524
4.75062
4.74727
4.75691
4.76696
4.74793
4.74015
4.74612
4.75034
4.74909
4.74039
4.75832
4.75687
4.74362
4.74274
4.73765
4.75717
4.77117
4.74952
4.73826
4.74661
4.75219
4.73738
4.74802
4.74406
4.75474
4.75397
4.7397
4.72892
4.75571
4.72156
4.73872
4.73521
4.7291
4.74659
4.71528
4.73849
4.72444
4.72803
4.74305
4.73232
4.73756
4.72957
4.73536
4.72754
4.73846
4.70592
4.7353
4.72589
4.73786
4.74303
4.7174
4.7297
4.71372
4.7315
4.74817
4.71959
4.73335
4.72576
4.71738
4.7156
4.73058
4.71374
4.71917
4.73401
4.70268
4.73043
4.72745
4.7148
4.72307
4.71368
4.72247
4.70046
4.71227
4.72329
4.71096
4.71247
4.71874
4.70973
4.71993
4.72963
4.7261
4.72647
4.71528
4.71356
4.72428
4.72999
4.73137
4.72507
4.70035
4.72123
4.71909
4.71383
4.72986
4.73121
4.7245
4.71696
4.70925
4.70954
4.72598
4.71946
4.72499
4.7318
4.70129
4.72741
4.73382
4.72109
4.71809
4.70538
4.719
4.70893
4.72829
4.75439
4.73719
4.72925
4.72497
4.72984
4.70991
4.72898
4.74087
4.72664
4.74809
4.71645
4.73704
4.74571
4.73012
4.74134
4.72963
4.72196
4.74369
4.72195
4.73174
4.72198
4.72753
4.72316
4.70602
4.74357
4.74108
4.73774
4.70843
4.73421
4.74176
4.71782
4.73008
4.7303
4.72087
4.72685
4.71875
4.72039
4.71902
4.74061
4.72636
4.70422
4.73101
4.72905
4.70803
4.71639
4.73583
4.71371
4.72247
4.71526
4.73832
4.70366
4.71706
4.71293
4.71966
4.6959
4.72606
4.724
4.71218
4.71534
4.72032
4.74272
4.7258
4.71798
4.7242
4.71775
4.73152
4.73922
4.71267
4.72539
4.74462
4.73146
4.71606
4.73255
4.73344
4.71842
4.71629
4.7355
4.71332
4.71724
4.71662
4.74319
4.73482
4.73037
4.72588
4.71994
4.72604
4.71236
4.73033
4.72363
4.70671
4.72334
4.74288
4.71675
4.72122
4.72446
4.72138
4.71246
4.73049
4.72785
4.71577
4.71778
4.70796
4.73672
4.72097
4.7067
4.71515
4.73514
4.72002
4.73404
4.703
4.72409
4.71254
4.7247
4.71776
4.70574
4.72553
4.71574
4.71935
4.733
4.72989
4.73001
4.71556
4.70172
4.71134
4.70461
4.72509
4.70479
4.70458
4.6954
4.69643
4.68066
4.65602
4.67718
4.63622
4.62931
4.60842
4.58555
4.53401
4.50346
4.45719
4.42857
4.40637
4.35023
4.28852
4.26593
4.25105
4.19743
4.16948
4.14116
4.07777
4.06575
4.0353
4.02232
4.00583
3.99264
3.98175
3.98576
3.96151
3.95771
3.94134
3.9359
3.93383
3.93061
3.92378
3.93474
3.9143
3.92884
3.90509
3.9226
3.8974
3.90252
3.89328
3.88321
3.88433
3.89419
3.86506
3.88685
3.88378
3.88245
3.86631
3.85922
3.86083
3.86108
3.85186
3.83522
3.83413
3.83947
3.84173
3.81621
3.8102
3.78742
3.78059
3.75901
3.75202
3.73838
3.72439
3.69603
3.69251
3.67677
3.6718
3.63393
3.60798
3.58509
3.58802
3.55283
3.53748
3.52877
3.53018
3.46815
3.49141
3.4447
3.44375
3.42788
3.40828
3.43311
3.3998
3.37352
3.37017
3.3605
3.36307
3.35099
3.33357
3.30765
3.332
3.30347
3.30217
3.30503
3.29756
3.2884
3.27918
3.2673
3.27578
3.27692
3.26797
3.2559
3.24881
3.22065
3.21814
3.21889
3.20819
3.18684
3.19712
3.19397
3.16969
3.14555
3.16708
3.13834
3.14108
3.12055
3.11417
3.10613
3.09395
3.06119
3.08554
3.05743
3.05674
3.02236
3.01099
3.00798
2.97966
2.98664
2.96401
2.95753
2.97385
2.94666
2.94439
2.93016
2.91194
2.894
2.89635
2.86976
2.88109
2.84608
2.84597
2.85019
2.84515
2.81727
2.8073
2.79262
2.78448
2.77111
2.78363
2.75449
2.77354
2.75755
2.73131
2.7285
2.71774
2.71903
2.71187
2.69627
2.70938
2.69902
2.68872
2.66989
2.6632
2.65673
2.66897
2.659
2.63927
2.62523
2.621
2.6143
2.6215
2.60055
2.56284
2.57776
2.57822
2.54889
2.54444
2.55243
2.54511
2.54286
2.51764
2.51852
2.50295
2.47943
2.50182
2.48141
2.48275
2.45574
2.46298
2.44164
2.42496
2.43743
2.4404
2.41518
2.41606
2.38019
2.38052
2.35824
2.34403
2.33884
2.35177
2.33214
2.32371
2.3151
2.29924
2.29741
2.28387
2.28607
2.27154
2.27094
2.26852
2.26971
2.25544
2.25349
2.23535
2.22136
2.22068
2.24642
2.20911
2.20659
2.17661
2.19946
2.18996
2.18552
2.16781
2.1647
2.1642
2.16335
2.14281
2.13808
2.14061
2.11189
2.1105
2.1184
2.09875
2.09193
2.0861
2.06098
2.0801
2.06739
2.07732
2.07836
2.05445
2.06269
2.03349
2.02455
2.02685
2.01263
2.00144
1.98678
1.99323
1.97964
1.96467
1.98198
1.98447
1.96433
1.9303
1.94798
1.9358
1.93814
1.93919
1.93103
1.93764
1.89673
1.90002
1.90686
1.9059
1.88121
1.87798
1.86114
1.86072
1.8594
1.84994
1.83209
1.85145
1.82173
1.81696
1.80837
1.80712
1.82017
1.80478
1.79784
1.77898
1.77776
1.76363
1.76715
1.77544
1.73794
1.74931
1.74587
1.72402
1.72091
1.71875
1.72073
1.70618
1.70608
1.69505
1.70235
1.67062
1.68813
1.67539
1.66803
1.66043
1.63578
1.64925
1.6634
1.64942
1.65516
1.63688
1.62666
1.613
1.61642
1.6218
1.6092
1.59826
1.60374
1.594
1.58263
1.57476
1.58825
1.5705
1.56084
1.55065
1.55617
1.55038
1.56173
1.55369
1.52551
1.51488
1.51625
1.5117
1.52756
1.50661
1.50591
1.5153
1.48257
1.48163
1.48665
1.47564
1.48501
1.47338
1.4558
1.46283
1.48011
1.4422
1.44109
1.42939
1.42077
1.4358
1.41614
1.4058
1.42215
1.40742
1.40364
1.40789
1.39288
1.37311
1.38013
1.39394
1.37964
1.3662
1.37722
1.33807
1.34409
1.35102
1.3381
1.34717
1.33569
1.31826
1.34759
1.33229
1.31958
1.31949
1.31023
1.30875
1.30249
1.32459
1.2916
1.29392
1.26469
1.27785
1.2724
1.27221
1.28945
1.26361
1.28073
1.2436
1.25209
1.24402
1.24871
1.24216
1.22805
1.22449
1.21452
1.22815
1.22031
1.20459
1.22966
1.20258
1.20924
1.1972
1.19696
1.17938
1.19962
1.18301
1.1926
1.17514
1.16667
1.15891
1.15536
1.15015
1.15968
1.14064
1.14786
1.1334
1.14794
1.12719
1.15452
1.11981
1.12788
1.12617
1.10322
1.11638
1.11424
1.10403
1.11298
1.10087
1.10721
1.08334
1.09717
1.09453
1.06295
1.06887
1.04836
1.04839
1.05534
1.05378
1.05827
1.05456
1.04152
1.04125
1.02612
1.03296
1.05757
1.03019
1.01223
1.01373
1.03525
0.994431
1.00435
0.993862
1.00626
1.00814
0.985346
0.98009
0.986951
0.995283
0.985167
0.975683
0.981369
0.979881
0.973876
0.961992
0.954006
0.946108
0.949736
0.952135
0.923684
0.936883
0.940286
0.927119
0.933626
0.940146
0.904569
0.911113
0.91804
0.919744
0.905736
0.914479
0.912055
0.880341
0.886056
0.864482
0.890063
0.888112
0.890663
0.872225
0.877971
0.890574
0.875008
0.877186
0.86722
0.867428
0.854678
0.85697
0.860493
0.860286
0.848862
0.843531
0.857326
0.842152
0.857841
0.837741
0.834831
0.827004
0.813589
0.831703
0.849732
0.822233
0.814814
0.798276
0.793376
0.804579
0.806466
0.791131
0.813806
0.806181
0.800981
0.774839
0.803955
0.806871
0.800508
0.775567
0.764669
0.77385
0.759296
0.753774
0.775738
0.7596
0.766788
0.761526
0.756691
0.748497
0.734598
0.747281
0.754201
0.729992
0.760936
0.727552
0.734728
0.733416
0.726438
0.731105
0.726731
0.713915
0.717704
0.717174
0.707234
0.704075
0.711126
0.709392
0.694135
0.708214
0.683801
0.699018
0.698797
0.701429
0.693054
0.689012
0.676995
0.679261
0.675483
0.674244
0.659869
0.673274
0.680736
0.650006
0.653493
0.667339
0.672824
0.670828
0.667009
0.659054
0.652205
0.642727
0.621422
0.638766
0.649672
0.63578
0.655416
0.613809
0.632306
0.640422
0.639797
0.628513
0.628435
0.635052
0.618439
0.623806
0.626666
0.612314
0.62406
0.607673
0.61784
0.606349
0.608931
0.602734
0.598461
0.602892
0.58565
0.583677
0.594452
0.588756
0.600991
0.588259
0.561956
0.591086
0.573523
0.567949
0.575841
0.569782
0.581911
0.556212
0.571792
0.540644
0.569054
0.552698
0.541841
0.549093
0.561229
0.533026
0.542641
0.53994
0.550769
0.53481
0.539868
0.542723
0.534072
0.536333
0.536157
0.508957
0.519556
0.519462
0.526247
0.509963
0.523499
0.496418
0.506427
0.495634
0.493563
0.518432
0.513669
0.511748
0.507139
0.494471
0.512074
0.497636
0.510423
0.508815
0.503354
0.482771
0.500147
0.508865
0.502433
0.49833
0.502485
0.487552
0.498196
0.509094
0.490715
0.481449
0.470255
0.473587
0.500091
0.480337
0.470948
0.462697
0.493688
0.468938
0.503346
0.476254
0.457048
0.460416
0.471042
0.453314
0.45542
0.464761
0.45849
0.441495
0.43842
0.453441
0.471685
0.456489
0.45343
0.438553
0.447628
0.42407
0.426228
0.423948
0.42972
0.437922
0.4286
0.426081
0.423654
0.434928
0.414843
0.415049
0.417064
0.426974
0.416866
0.423394
0.422796
0.407724
0.414582
0.394992
0.412291
0.397781
0.408359
0.404316
0.414097
0.41598
0.417542
0.406388
0.392148
0.396739
0.399044
0.399594
0.388919
0.400094
0.397262
0.404155
0.390447
0.397103
0.388373
0.372811
0.401319
0.386357
0.380768
0.368177
0.358638
0.374591
0.376991
0.385532
0.382193
0.392148
0.372395
0.375751
0.387215
0.357996
0.345529
0.345501
0.344908
0.359497
0.340162
0.378154
0.362102
0.357665
0.345012
0.341664
0.357648
0.333454
0.344418
0.356891
0.339878
0.349754
0.32825
0.335385
0.360047
0.326588
0.333213
0.36796
0.331195
0.330082
0.315255
0.333161
0.326429
0.332656
0.336249
0.345022
0.339833
0.33616
0.32783
0.330573
0.347691
0.346769
0.338015
0.338184
0.323363
0.332496
0.35064
0.341825
0.338908
0.310995
0.33383
0.325159
0.330238
0.336424
0.322931
0.317956
0.319608
0.31752
0.309773
0.327569
0.311698
0.342177
0.316147
0.323045
0.323327
0.340793
0.337971
0.324533
0.328958
0.314317
0.32506
0.322271
0.340461
0.335726
0.312595
0.324764
0.337455
0.335067
0.350536
0.315597
0.319366
0.317709
0.327359
0.347493
0.345391
0.342335
0.313734
0.335502
0.325012
0.310478
0.333267
0.324194
0.321015
0.348332
0.341018
0.319108
0.344194
0.332136
0.336434
0.345852
0.345042
0.338341
0.339361
0.347073
0.336244
0.327961
0.342706
0.319401
0.339499
0.326336
0.339879
0.353434
0.331543
0.332694
0.341575
0.322195
0.323356
0.325644
0.327848
0.33777
0.352276
0.320073
0.340447
0.338112
0.338791
0.324977
0.322772
0.332864
0.336986
0.30872
0.332829
0.333908
0.335676
0.333999
0.338819
0.336184
0.335049
0.335882
0.34448
0.334583
0.320558
0.334699
0.344549
0.334232
0.336011
0.324858
0.33954
0.324547
0.322018
0.335038
0.337533
0.313362
0.32161
0.330772
0.320241
0.329989
0.318407
0.330081
0.323333
0.324263
0.336601
0.312897
0.321863
0.333566
0.32314
0.32211
0.335404
0.340107
0.321942
0.325896
0.328181
0.337642
0.33152
0.328613
0.338133
0.329796
0.332603
0.335629
0.31189
0.322082
0.342693
0.332256
0.32865
0.345739
0.33206
0.321616
0.352469
0.331392
0.328532
0.34069
0.315419
0.321217
0.330708
0.346433
0.329626
0.355466
0.354198
0.322071
0.330382
0.345643
0.324785
0.34121
0.333254
0.340473
0.332656
0.328243
0.327798
0.331064
0.351242
0.337345
0.337732
0.326465
0.323746
0.329231
0.332379
0.335303
0.322107
0.33505
0.341982
0.33811
0.311442
0.334569
0.319731
0.309116
0.313116
0.339922
0.316589
0.324699
0.327581
0.333961
0.339579
0.31875
0.324975
0.337645
0.31618
0.329133
0.348452
0.338316
0.33902
0.322921
0.329205
0.339337
0.325603
0.333271
0.346265
0.316911
0.336908
0.350987
0.34281
0.331183
0.329164
0.340746
0.33712
0.34771
0.345074
0.328709
0.322085
0.346748
0.340482
0.332171
0.33599
0.339141
0.330143
0.326605
0.330568
0.32889
0.323922
0.33946
0.341294
0.333892
0.32343
0.331473
0.331161
0.327772
0.344769
0.3211
0.333235
0.326113
0.333554
0.317813
0.319323
0.317574
0.305046
0.331551
0.335309
0.34286
0.32749
0.317424
0.324731
0.322944
0.340894
0.322819
0.318769
0.323723
0.323144
0.30913
0.312114
0.321635
0.337055
0.32367
0.328342
0.325895
0.334544
0.331079
0.338906
0.340683
0.319592
0.341364
0.320251
0.34199
0.310902
0.32822
0.338216
0.317141
0.331505
0.327247
0.342144
0.34475
0.31817
0.329866
0.323221
0.312903
0.341662
0.335344
0.340173
0.316448
0.340866
0.334793
0.349424
0.32128
0.330185
0.327019
0.327073
0.327369
0.324952
0.327903
0.33274
0.341388
0.323383
0.337828
0.339089
0.340991
0.338922
0.324212
0.340913
0.311711
0.33449
0.337993
0.327197
0.326035
0.347338
0.333985
0.325453
0.364009
0.331423
0.306135
0.329215
0.330061
0.319988
0.317633
0.338209
0.322974
0.324473
0.33714
0.334695
0.332435
0.328378
0.331399
0.329285
0.302094
0.33574
0.328503
0.321125
0.332271
0.330725
0.321087
0.339175
0.327828
0.333056
0.323739
0.32072
0.329193
0.322898
0.342531
0.343869
0.306978
0.312395
0.330251
