1012
-1228.41
-169.756
-1227.38
-166.321
-1225.37
-159.938
-1223.83
-153.322
-1225.01
-145.24
-1228.47
-139.581
-1232.61
-135.281
-1238.07
-131.659
-1247.45
-128.322
-1260.52
-125.478
-1273.81
-122.238
-1288.49
-119.138
-1228.41
-169.756
-1228.4
-169.705
-1228.38
-169.655
-1228.37
-169.604
-1228.35
-169.554
-1228.34
-169.503
-1228.32
-169.452
-1228.31
-169.402
-1228.29
-169.351
-1228.28
-169.3
-1228.26
-169.25
-1228.25
-169.199
-1228.23
-169.149
-1228.22
-169.098
-1228.21
-169.047
-1228.19
-168.997
-1228.18
-168.946
-1228.16
-168.895
-1228.15
-168.845
-1228.13
-168.794
-1228.12
-168.744
-1228.1
-168.693
-1228.09
-168.642
-1228.07
-168.592
-1228.06
-168.541
-1228.04
-168.491
-1228.03
-168.44
-1228.01
-168.389
-1228
-168.339
-1227.98
-168.288
-1227.97
-168.237
-1227.95
-168.187
-1227.94
-168.136
-1227.92
-168.086
-1227.91
-168.035
-1227.89
-167.984
-1227.87
-167.934
-1227.86
-167.883
-1227.84
-167.833
-1227.83
-167.782
-1227.81
-167.731
-1227.8
-167.681
-1227.78
-167.63
-1227.77
-167.579
-1227.75
-167.529
-1227.74
-167.478
-1227.72
-167.428
-1227.71
-167.377
-1227.69
-167.326
-1227.67
-167.276
-1227.66
-167.225
-1227.64
-167.174
-1227.63
-167.124
-1227.61
-167.073
-1227.6
-167.023
-1227.58
-166.972
-1227.57
-166.921
-1227.55
-166.871
-1227.53
-166.82
-1227.52
-166.77
-1227.5
-166.719
-1227.49
-166.668
-1227.47
-166.618
-1227.46
-166.567
-1227.44
-166.516
-1227.43
-166.466
-1227.41
-166.415
-1227.39
-166.365
-1227.38
-166.314
-1227.36
-166.263
-1227.35
-166.213
-1227.33
-166.162
-1227.31
-166.112
-1227.3
-166.061
-1227.28
-166.01
-1227.27
-165.96
-1227.25
-165.909
-1227.24
-165.858
-1227.22
-165.808
-1227.2
-165.757
-1227.19
-165.707
-1227.17
-165.656
-1227.16
-165.605
-1227.14
-165.555
-1227.12
-165.504
-1227.11
-165.453
-1227.09
-165.403
-1227.08
-165.352
-1227.06
-165.302
-1227.04
-165.251
-1227.03
-165.2
-1227.01
-165.15
-1227
-165.099
-1226.98
-165.049
-1226.96
-164.998
-1226.95
-164.947
-1226.93
-164.897
-1226.92
-164.846
-1226.9
-164.795
-1226.88
-164.745
-1226.87
-164.694
-1226.85
-164.644
-1226.84
-164.593
-1226.82
-164.542
-1226.8
-164.492
-1226.79
-164.441
-1226.77
-164.39
-1226.76
-164.34
-1226.74
-164.289
-1226.72
-164.239
-1226.71
-164.188
-1226.69
-164.137
-1226.68
-164.087
-1226.66
-164.036
-1226.64
-163.986
-1226.63
-163.935
-1226.61
-163.884
-1226.6
-163.834
-1226.58
-163.783
-1226.56
-163.732
-1226.55
-163.682
-1226.53
-163.631
-1226.52
-163.581
-1226.5
-163.53
-1226.48
-163.479
-1226.47
-163.429
-1226.45
-163.378
-1226.43
-163.328
-1226.42
-163.277
-1226.4
-163.226
-1226.39
-163.176
-1226.37
-163.125
-1226.35
-163.074
-1226.34
-163.024
-1226.32
-162.973
-1226.31
-162.923
-1226.29
-162.872
-1226.27
-162.821
-1226.26
-162.771
-1226.24
-162.72
-1226.23
-162.669
-1226.21
-162.619
-1226.19
-162.568
-1226.18
-162.518
-1226.16
-162.467
-1226.15
-162.416
-1226.13
-162.366
-1226.11
-162.315
-1226.1
-162.265
-1226.08
-162.214
-1226.07
-162.163
-1226.05
-162.113
-1226.03
-162.062
-1226.02
-162.011
-1226
-161.961
-1225.99
-161.91
-1225.97
-161.86
-1225.95
-161.809
-1225.94
-161.758
-1225.92
-161.708
-1225.91
-161.657
-1225.89
-161.607
-1225.87
-161.556
-1225.86
-161.505
-1225.84
-161.455
-1225.83
-161.404
-1225.81
-161.353
-1225.79
-161.303
-1225.78
-161.252
-1225.76
-161.202
-1225.75
-161.151
-1225.73
-161.1
-1225.71
-161.05
-1225.7
-160.999
-1225.68
-160.948
-1225.67
-160.898
-1225.65
-160.847
-1225.64
-160.797
-1225.62
-160.746
-1225.6
-160.695
-1225.59
-160.645
-1225.57
-160.594
-1225.56
-160.544
-1225.54
-160.493
-1225.53
-160.442
-1225.51
-160.392
-1225.49
-160.341
-1225.48
-160.29
-1225.46
-160.24
-1225.45
-160.189
-1225.43
-160.139
-1225.42
-160.088
-1225.4
-160.037
-1225.38
-159.987
-1225.37
-159.936
-1225.35
-159.885
-1225.34
-159.835
-1225.32
-159.784
-1225.31
-159.734
-1225.29
-159.683
-1225.28
-159.632
-1225.26
-159.582
-1225.25
-159.531
-1225.23
-159.481
-1225.21
-159.43
-1225.2
-159.379
-1225.18
-159.329
-1225.17
-159.278
-1225.15
-159.227
-1225.14
-159.177
-1225.12
-159.126
-1225.11
-159.076
-1225.09
-159.025
-1225.08
-158.974
-1225.06
-158.924
-1225.05
-158.873
-1225.03
-158.823
-1225.02
-158.772
-1225
-158.721
-1224.99
-158.671
-1224.97
-158.62
-1224.96
-158.569
-1224.94
-158.519
-1224.93
-158.468
-1224.91
-158.418
-1224.9
-158.367
-1224.88
-158.316
-1224.87
-158.266
-1224.86
-158.215
-1224.84
-158.164
-1224.83
-158.114
-1224.81
-158.063
-1224.8
-158.013
-1224.78
-157.962
-1224.77
-157.911
-1224.76
-157.861
-1224.74
-157.81
-1224.73
-157.76
-1224.71
-157.709
-1224.7
-157.658
-1224.69
-157.608
-1224.67
-157.557
-1224.66
-157.506
-1224.64
-157.456
-1224.63
-157.405
-1224.62
-157.355
-1224.6
-157.304
-1224.59
-157.253
-1224.58
-157.203
-1224.56
-157.152
-1224.55
-157.101
-1224.54
-157.051
-1224.52
-157
-1224.51
-156.95
-1224.5
-156.899
-1224.49
-156.848
-1224.47
-156.798
-1224.46
-156.747
-1224.45
-156.697
-1224.43
-156.646
-1224.42
-156.595
-1224.41
-156.545
-1224.4
-156.494
-1224.39
-156.443
-1224.37
-156.393
-1224.36
-156.342
-1224.35
-156.292
-1224.34
-156.241
-1224.33
-156.19
-1224.31
-156.14
-1224.3
-156.089
-1224.29
-156.039
-1224.28
-155.988
-1224.27
-155.937
-1224.26
-155.887
-1224.25
-155.836
-1224.23
-155.785
-1224.22
-155.735
-1224.21
-155.684
-1224.2
-155.634
-1224.19
-155.583
-1224.18
-155.532
-1224.17
-155.482
-1224.16
-155.431
-1224.15
-155.38
-1224.14
-155.33
-1224.13
-155.279
-1224.12
-155.229
-1224.11
-155.178
-1224.1
-155.127
-1224.09
-155.077
-1224.08
-155.026
-1224.07
-154.976
-1224.06
-154.925
-1224.05
-154.874
-1224.04
-154.824
-1224.03
-154.773
-1224.03
-154.722
-1224.02
-154.672
-1224.01
-154.621
-1224
-154.571
-1223.99
-154.52
-1223.98
-154.469
-1223.97
-154.419
-1223.97
-154.368
-1223.96
-154.318
-1223.95
-154.267
-1223.94
-154.216
-1223.94
-154.166
-1223.93
-154.115
-1223.92
-154.064
-1223.91
-154.014
-1223.91
-153.963
-1223.9
-153.913
-1223.89
-153.862
-1223.89
-153.811
-1223.88
-153.761
-1223.87
-153.71
-1223.87
-153.659
-1223.86
-153.609
-1223.86
-153.558
-1223.85
-153.508
-1223.84
-153.457
-1223.84
-153.406
-1223.83
-153.356
-1223.83
-153.305
-1223.82
-153.255
-1223.82
-153.204
-1223.81
-153.153
-1223.81
-153.103
-1223.8
-153.052
-1223.8
-153.001
-1223.8
-152.951
-1223.79
-152.9
-1223.79
-152.85
-1223.78
-152.799
-1223.78
-152.748
-1223.78
-152.698
-1223.77
-152.647
-1223.77
-152.596
-1223.77
-152.546
-1223.76
-152.495
-1223.76
-152.445
-1223.76
-152.394
-1223.76
-152.343
-1223.75
-152.293
-1223.75
-152.242
-1223.75
-152.192
-1223.75
-152.141
-1223.75
-152.09
-1223.74
-152.04
-1223.74
-151.989
-1223.74
-151.938
-1223.74
-151.888
-1223.74
-151.837
-1223.74
-151.787
-1223.74
-151.736
-1223.74
-151.685
-1223.74
-151.635
-1223.74
-151.584
-1223.74
-151.534
-1223.74
-151.483
-1223.74
-151.432
-1223.74
-151.382
-1223.74
-151.331
-1223.74
-151.28
-1223.74
-151.23
-1223.74
-151.179
-1223.74
-151.129
-1223.74
-151.078
-1223.75
-151.027
-1223.75
-150.977
-1223.75
-150.926
-1223.75
-150.875
-1223.75
-150.825
-1223.76
-150.774
-1223.76
-150.724
-1223.76
-150.673
-1223.76
-150.622
-1223.77
-150.572
-1223.77
-150.521
-1223.77
-150.471
-1223.78
-150.42
-1223.78
-150.369
-1223.78
-150.319
-1223.79
-150.268
-1223.79
-150.217
-1223.79
-150.167
-1223.8
-150.116
-1223.8
-150.066
-1223.81
-150.015
-1223.81
-149.964
-1223.82
-149.914
-1223.82
-149.863
-1223.83
-149.813
-1223.83
-149.762
-1223.84
-149.711
-1223.85
-149.661
-1223.85
-149.61
-1223.86
-149.559
-1223.86
-149.509
-1223.87
-149.458
-1223.88
-149.408
-1223.88
-149.357
-1223.89
-149.306
-1223.9
-149.256
-1223.9
-149.205
-1223.91
-149.154
-1223.92
-149.104
-1223.93
-149.053
-1223.94
-149.003
-1223.94
-148.952
-1223.95
-148.901
-1223.96
-148.851
-1223.97
-148.8
-1223.98
-148.75
-1223.99
-148.699
-1224
-148.648
-1224.01
-148.598
-1224.01
-148.547
-1224.02
-148.496
-1224.03
-148.446
-1224.04
-148.395
-1224.05
-148.345
-1224.06
-148.294
-1224.07
-148.243
-1224.09
-148.193
-1224.1
-148.142
-1224.11
-148.091
-1224.12
-148.041
-1224.13
-147.99
-1224.14
-147.94
-1224.15
-147.889
-1224.16
-147.838
-1224.18
-147.788
-1224.19
-147.737
-1224.2
-147.687
-1224.21
-147.636
-1224.23
-147.585
-1224.24
-147.535
-1224.25
-147.484
-1224.27
-147.433
-1224.28
-147.383
-1224.29
-147.332
-1224.31
-147.282
-1224.32
-147.231
-1224.33
-147.18
-1224.35
-147.13
-1224.36
-147.079
-1224.38
-147.029
-1224.39
-146.978
-1224.41
-146.927
-1224.42
-146.877
-1224.44
-146.826
-1224.45
-146.775
-1224.47
-146.725
-1224.48
-146.674
-1224.5
-146.624
-1224.52
-146.573
-1224.53
-146.522
-1224.55
-146.472
-1224.57
-146.421
-1224.58
-146.37
-1224.6
-146.32
-1224.62
-146.269
-1224.64
-146.219
-1224.65
-146.168
-1224.67
-146.117
-1224.69
-146.067
-1224.71
-146.016
-1224.73
-145.966
-1224.74
-145.915
-1224.76
-145.864
-1224.78
-145.814
-1224.8
-145.763
-1224.82
-145.712
-1224.84
-145.662
-1224.86
-145.611
-1224.88
-145.561
-1224.9
-145.51
-1224.92
-145.459
-1224.94
-145.409
-1224.96
-145.358
-1224.98
-145.308
-1225
-145.257
-1225.02
-145.206
-1225.05
-145.156
-1225.07
-145.105
-1225.09
-145.054
-1225.11
-145.004
-1225.13
-144.953
-1225.16
-144.903
-1225.18
-144.852
-1225.2
-144.801
-1225.22
-144.751
-1225.25
-144.7
-1225.27
-144.649
-1225.29
-144.599
-1225.32
-144.548
-1225.34
-144.498
-1225.36
-144.447
-1225.39
-144.396
-1225.41
-144.346
-1225.44
-144.295
-1225.46
-144.245
-1225.49
-144.194
-1225.51
-144.143
-1225.54
-144.093
-1225.56
-144.042
-1225.59
-143.991
-1225.61
-143.941
-1225.64
-143.89
-1225.67
-143.84
-1225.69
-143.789
-1225.72
-143.738
-1225.74
-143.688
-1225.77
-143.637
-1225.8
-143.586
-1225.83
-143.536
-1225.85
-143.485
-1225.88
-143.435
-1225.91
-143.384
-1225.94
-143.333
-1225.96
-143.283
-1225.99
-143.232
-1226.02
-143.182
-1226.05
-143.131
-1226.08
-143.08
-1226.11
-143.03
-1226.14
-142.979
-1226.17
-142.928
-1226.19
-142.878
-1226.22
-142.827
-1226.25
-142.777
-1226.28
-142.726
-1226.31
-142.675
-1226.34
-142.625
-1226.37
-142.574
-1226.41
-142.524
-1226.44
-142.473
-1226.47
-142.422
-1226.5
-142.372
-1226.53
-142.321
-1226.56
-142.27
-1226.59
-142.22
-1226.62
-142.169
-1226.66
-142.119
-1226.69
-142.068
-1226.72
-142.017
-1226.75
-141.967
-1226.79
-141.916
-1226.82
-141.865
-1226.85
-141.815
-1226.89
-141.764
-1226.92
-141.714
-1226.95
-141.663
-1226.99
-141.612
-1227.02
-141.562
-1227.05
-141.511
-1227.09
-141.461
-1227.12
-141.41
-1227.16
-141.359
-1227.19
-141.309
-1227.23
-141.258
-1227.26
-141.207
-1227.3
-141.157
-1227.33
-141.106
-1227.37
-141.056
-1227.4
-141.005
-1227.44
-140.954
-1227.47
-140.904
-1227.51
-140.853
-1227.55
-140.803
-1227.58
-140.752
-1227.62
-140.701
-1227.66
-140.651
-1227.69
-140.6
-1227.73
-140.549
-1227.77
-140.499
-1227.81
-140.448
-1227.84
-140.398
-1227.88
-140.347
-1227.92
-140.296
-1227.96
-140.246
-1227.99
-140.195
-1228.03
-140.144
-1228.07
-140.094
-1228.11
-140.043
-1228.15
-139.993
-1228.19
-139.942
-1228.23
-139.891
-1228.27
-139.841
-1228.31
-139.79
-1228.35
-139.74
-1228.38
-139.689
-1228.42
-139.638
-1228.46
-139.588
-1228.5
-139.537
-1228.55
-139.486
-1228.59
-139.436
-1228.63
-139.385
-1228.67
-139.335
-1228.71
-139.284
-1228.75
-139.233
-1228.79
-139.183
-1228.83
-139.132
-1228.87
-139.081
-1228.92
-139.031
-1228.96
-138.98
-1229
-138.93
-1229.04
-138.879
-1229.08
-138.828
-1229.13
-138.778
-1229.17
-138.727
-1229.21
-138.677
-1229.26
-138.626
-1229.3
-138.575
-1229.34
-138.525
-1229.39
-138.474
-1229.43
-138.423
-1229.48
-138.373
-1229.52
-138.322
-1229.56
-138.272
-1229.61
-138.221
-1229.65
-138.17
-1229.7
-138.12
-1229.74
-138.069
-1229.79
-138.019
-1229.84
-137.968
-1229.88
-137.917
-1229.93
-137.867
-1229.97
-137.816
-1230.02
-137.765
-1230.07
-137.715
-1230.12
-137.664
-1230.16
-137.614
-1230.21
-137.563
-1230.26
-137.512
-1230.31
-137.462
-1230.35
-137.411
-1230.4
-137.36
-1230.45
-137.31
-1230.5
-137.259
-1230.55
-137.209
-1230.6
-137.158
-1230.65
-137.107
-1230.7
-137.057
-1230.75
-137.006
-1230.8
-136.956
-1230.85
-136.905
-1230.9
-136.854
-1230.95
-136.804
-1231
-136.753
-1231.05
-136.702
-1231.1
-136.652
-1231.16
-136.601
-1231.21
-136.551
-1231.26
-136.5
-1231.31
-136.449
-1231.37
-136.399
-1231.42
-136.348
-1231.47
-136.298
-1231.53
-136.247
-1231.58
-136.196
-1231.64
-136.146
-1231.69
-136.095
-1231.75
-136.044
-1231.8
-135.994
-1231.86
-135.943
-1231.91
-135.893
-1231.97
-135.842
-1232.03
-135.791
-1232.08
-135.741
-1232.14
-135.69
-1232.2
-135.639
-1232.25
-135.589
-1232.31
-135.538
-1232.37
-135.488
-1232.43
-135.437
-1232.49
-135.386
-1232.55
-135.336
-1232.61
-135.285
-1232.66
-135.235
-1232.72
-135.184
-1232.78
-135.133
-1232.85
-135.083
-1232.91
-135.032
-1232.97
-134.981
-1233.03
-134.931
-1233.09
-134.88
-1233.15
-134.83
-1233.22
-134.779
-1233.28
-134.728
-1233.34
-134.678
-1233.41
-134.627
-1233.47
-134.576
-1233.53
-134.526
-1233.6
-134.475
-1233.66
-134.425
-1233.73
-134.374
-1233.8
-134.323
-1233.86
-134.273
-1233.93
-134.222
-1234
-134.172
-1234.07
-134.121
-1234.13
-134.07
-1234.2
-134.02
-1234.27
-133.969
-1234.34
-133.918
-1234.41
-133.868
-1234.48
-133.817
-1234.56
-133.767
-1234.63
-133.716
-1234.7
-133.665
-1234.77
-133.615
-1234.85
-133.564
-1234.92
-133.514
-1234.99
-133.463
-1235.07
-133.412
-1235.15
-133.362
-1235.22
-133.311
-1235.3
-133.26
-1235.38
-133.21
-1235.45
-133.159
-1235.53
-133.109
-1235.61
-133.058
-1235.69
-133.007
-1235.77
-132.957
-1235.85
-132.906
-1235.94
-132.855
-1236.02
-132.805
-1236.1
-132.754
-1236.18
-132.704
-1236.27
-132.653
-1236.35
-132.602
-1236.44
-132.552
-1236.53
-132.501
-1236.61
-132.451
-1236.7
-132.4
-1236.79
-132.349
-1236.88
-132.299
-1236.97
-132.248
-1237.06
-132.197
-1237.15
-132.147
-1237.24
-132.096
-1237.34
-132.046
-1237.43
-131.995
-1237.52
-131.944
-1237.62
-131.894
-1237.71
-131.843
-1237.81
-131.793
-1237.91
-131.742
-1238.01
-131.691
-1238.11
-131.641
-1238.21
-131.59
-1238.31
-131.539
-1238.41
-131.489
-1238.51
-131.438
-1238.61
-131.388
-1238.72
-131.337
-1238.82
-131.286
-1238.93
-131.236
-1239.04
-131.185
-1239.15
-131.134
-1239.26
-131.084
-1239.37
-131.033
-1239.48
-130.983
-1239.59
-130.932
-1239.7
-130.881
-1239.82
-130.831
-1239.93
-130.78
-1240.05
-130.73
-1240.17
-130.679
-1240.29
-130.628
-1240.41
-130.578
-1240.53
-130.527
-1240.66
-130.476
-1240.78
-130.426
-1240.91
-130.375
-1241.04
-130.325
-1241.16
-130.274
-1241.3
-130.223
-1241.43
-130.173
-1241.56
-130.122
-1241.7
-130.071
-1241.83
-130.021
-1241.97
-129.97
-1242.11
-129.92
-1242.25
-129.869
-1242.39
-129.818
-1242.54
-129.768
-1242.68
-129.717
-1242.83
-129.667
-1242.98
-129.616
-1243.13
-129.565
-1243.29
-129.515
-1243.44
-129.464
-1243.6
-129.413
-1243.76
-129.363
-1243.92
-129.312
-1244.08
-129.262
-1244.24
-129.211
-1244.41
-129.16
-1244.57
-129.11
-1244.74
-129.059
-1244.92
-129.009
-1245.09
-128.958
-1245.27
-128.907
-1245.44
-128.857
-1245.62
-128.806
-1245.8
-128.755
-1245.99
-128.705
-1246.17
-128.654
-1246.36
-128.604
-1246.55
-128.553
-1246.75
-128.502
-1246.94
-128.452
-1247.14
-128.401
-1247.34
-128.35
-1247.54
-128.3
-1247.74
-128.249
-1247.95
-128.199
-1248.16
-128.148
-1248.37
-128.097
-1248.58
-128.047
-1248.79
-127.996
-1249.01
-127.946
-1249.23
-127.895
-1249.45
-127.844
-1249.67
-127.794
-1249.89
-127.743
-1250.12
-127.692
-1250.34
-127.642
-1250.57
-127.591
-1250.8
-127.541
-1251.03
-127.49
-1251.26
-127.439
-1251.49
-127.389
-1251.73
-127.338
-1251.96
-127.287
-1252.2
-127.237
-1252.44
-127.186
-1252.67
-127.136
-1252.91
-127.085
-1253.15
-127.034
-1253.39
-126.984
-1253.63
-126.933
-1253.87
-126.883
-1254.11
-126.832
-1254.35
-126.781
-1254.6
-126.731
-1254.84
-126.68
-1255.08
-126.629
-1255.33
-126.579
-1255.57
-126.528
-1255.81
-126.478
-1256.05
-126.427
-1256.3
-126.376
-1256.54
-126.326
-1256.78
-126.275
-1257.02
-126.225
-1257.27
-126.174
-1257.51
-126.123
-1257.75
-126.073
-1257.99
-126.022
-1258.23
-125.971
-1258.47
-125.921
-1258.71
-125.87
-1258.94
-125.82
-1259.18
-125.769
-1259.42
-125.718
-1259.65
-125.668
-1259.88
-125.617
-1260.12
-125.566
-1260.35
-125.516
-1260.58
-125.465
-1260.81
-125.415
-1261.03
-125.364
-1261.26
-125.313
-1261.49
-125.263
-1261.71
-125.212
-1261.93
-125.162
-1262.15
-125.111
-1262.37
-125.06
-1262.59
-125.01
-1262.81
-124.959
-1263.03
-124.908
-1263.25
-124.858
-1263.46
-124.807
-1263.68
-124.757
-1263.89
-124.706
-1264.1
-124.655
-1264.31
-124.605
-1264.52
-124.554
-1264.74
-124.504
-1264.94
-124.453
-1265.15
-124.402
-1265.36
-124.352
-1265.57
-124.301
-1265.78
-124.25
-1265.98
-124.2
-1266.19
-124.149
-1266.39
-124.099
-1266.6
-124.048
-1266.8
-123.997
-1267.01
-123.947
-1267.21
-123.896
-1267.41
-123.845
-1267.61
-123.795
-1267.82
-123.744
-1268.02
-123.694
-1268.22
-123.643
-1268.42
-123.592
-1268.62
-123.542
-1268.82
-123.491
-1269.02
-123.441
-1269.22
-123.39
-1269.42
-123.339
-1269.62
-123.289
-1269.82
-123.238
-1270.02
-123.187
-1270.22
-123.137
-1270.42
-123.086
-1270.62
-123.036
-1270.83
-122.985
-1271.03
-122.934
-1271.23
-122.884
-1271.43
-122.833
-1271.63
-122.782
-1271.83
-122.732
-1272.03
-122.681
-1272.23
-122.631
-1272.43
-122.58
-1272.64
-122.529
-1272.84
-122.479
-1273.04
-122.428
-1273.25
-122.378
-1273.45
-122.327
-1273.65
-122.276
-1273.86
-122.226
-1274.07
-122.175
-1274.27
-122.124
-1274.48
-122.074
-1274.69
-122.023
-1274.89
-121.973
-1275.1
-121.922
-1275.31
-121.871
-1275.52
-121.821
-1275.73
-121.77
-1275.95
-121.72
-1276.16
-121.669
-1276.37
-121.618
-1276.59
-121.568
-1276.8
-121.517
-1277.02
-121.466
-1277.23
-121.416
-1277.45
-121.365
-1277.67
-121.315
-1277.89
-121.264
-1278.11
-121.213
-1278.34
-121.163
-1278.56
-121.112
-1278.79
-121.061
-1279.01
-121.011
-1279.24
-120.96
-1279.47
-120.91
-1279.7
-120.859
-1279.93
-120.808
-1280.16
-120.758
-1280.39
-120.707
-1280.63
-120.657
-1280.87
-120.606
-1281.11
-120.555
-1281.35
-120.505
-1281.59
-120.454
-1281.83
-120.403
-1282.07
-120.353
-1282.32
-120.302
-1282.57
-120.252
-1282.82
-120.201
-1283.07
-120.15
-1283.32
-120.1
-1283.58
-120.049
-1283.83
-119.999
-1284.09
-119.948
-1284.35
-119.897
-1284.61
-119.847
-1284.88
-119.796
-1285.14
-119.745
-1285.41
-119.695
-1285.68
-119.644
-1285.95
-119.594
-1286.22
-119.543
-1286.5
-119.492
-1286.78
-119.442
-1287.06
-119.391
-1287.34
-119.34
-1287.62
-119.29
-1287.91
-119.239
-1288.2
-119.189
