1012
1366.91
-2148.14
1354.04
-2159.91
1345.31
-2168.83
1337.05
-2176.78
1330.18
-2183.95
1324.12
-2190.65
1319.85
-2196.88
1316.98
-2203.57
1316.05
-2210.36
1317.43
-2216.5
1321.02
-2221.47
1326.71
-2228.57
1326.71
-2228.57
1326.66
-2228.49
1326.61
-2228.41
1326.57
-2228.33
1326.52
-2228.25
1326.47
-2228.17
1326.41
-2228.09
1326.36
-2228.01
1326.31
-2227.93
1326.26
-2227.85
1326.2
-2227.77
1326.15
-2227.69
1326.1
-2227.6
1326.04
-2227.52
1325.99
-2227.44
1325.93
-2227.36
1325.87
-2227.28
1325.82
-2227.2
1325.76
-2227.12
1325.7
-2227.04
1325.64
-2226.96
1325.58
-2226.88
1325.52
-2226.8
1325.46
-2226.72
1325.4
-2226.64
1325.34
-2226.56
1325.28
-2226.48
1325.22
-2226.4
1325.16
-2226.32
1325.1
-2226.24
1325.03
-2226.16
1324.97
-2226.08
1324.91
-2226
1324.84
-2225.92
1324.78
-2225.84
1324.71
-2225.75
1324.65
-2225.67
1324.58
-2225.59
1324.52
-2225.51
1324.45
-2225.43
1324.38
-2225.35
1324.32
-2225.27
1324.25
-2225.19
1324.18
-2225.11
1324.12
-2225.03
1324.05
-2224.95
1323.98
-2224.87
1323.91
-2224.79
1323.84
-2224.71
1323.78
-2224.63
1323.71
-2224.55
1323.64
-2224.47
1323.57
-2224.39
1323.5
-2224.31
1323.43
-2224.23
1323.36
-2224.15
1323.29
-2224.07
1323.22
-2223.99
1323.15
-2223.91
1323.08
-2223.82
1323.01
-2223.74
1322.94
-2223.66
1322.87
-2223.58
1322.8
-2223.5
1322.73
-2223.42
1322.66
-2223.34
1322.59
-2223.26
1322.52
-2223.18
1322.45
-2223.1
1322.38
-2223.02
1322.3
-2222.94
1322.23
-2222.86
1322.16
-2222.78
1322.09
-2222.7
1322.02
-2222.62
1321.95
-2222.54
1321.88
-2222.46
1321.81
-2222.38
1321.74
-2222.3
1321.67
-2222.22
1321.6
-2222.14
1321.53
-2222.06
1321.46
-2221.97
1321.39
-2221.89
1321.32
-2221.81
1321.25
-2221.73
1321.18
-2221.65
1321.11
-2221.57
1321.04
-2221.49
1320.97
-2221.41
1320.9
-2221.33
1320.83
-2221.25
1320.76
-2221.17
1320.69
-2221.09
1320.63
-2221.01
1320.56
-2220.93
1320.49
-2220.85
1320.42
-2220.77
1320.36
-2220.69
1320.29
-2220.61
1320.22
-2220.53
1320.16
-2220.45
1320.09
-2220.37
1320.02
-2220.29
1319.96
-2220.21
1319.89
-2220.12
1319.83
-2220.04
1319.76
-2219.96
1319.7
-2219.88
1319.63
-2219.8
1319.57
-2219.72
1319.51
-2219.64
1319.44
-2219.56
1319.38
-2219.48
1319.32
-2219.4
1319.26
-2219.32
1319.2
-2219.24
1319.14
-2219.16
1319.08
-2219.08
1319.02
-2219
1318.96
-2218.92
1318.9
-2218.84
1318.84
-2218.76
1318.78
-2218.68
1318.72
-2218.6
1318.67
-2218.52
1318.61
-2218.44
1318.55
-2218.36
1318.5
-2218.27
1318.44
-2218.19
1318.39
-2218.11
1318.34
-2218.03
1318.28
-2217.95
1318.23
-2217.87
1318.18
-2217.79
1318.13
-2217.71
1318.08
-2217.63
1318.02
-2217.55
1317.98
-2217.47
1317.93
-2217.39
1317.88
-2217.31
1317.83
-2217.23
1317.78
-2217.15
1317.74
-2217.07
1317.69
-2216.99
1317.65
-2216.91
1317.6
-2216.83
1317.56
-2216.75
1317.52
-2216.67
1317.47
-2216.59
1317.43
-2216.51
1317.39
-2216.43
1317.35
-2216.34
1317.31
-2216.26
1317.28
-2216.18
1317.24
-2216.1
1317.2
-2216.02
1317.16
-2215.94
1317.13
-2215.86
1317.09
-2215.78
1317.06
-2215.7
1317.03
-2215.62
1316.99
-2215.54
1316.96
-2215.46
1316.93
-2215.38
1316.9
-2215.3
1316.87
-2215.22
1316.84
-2215.14
1316.81
-2215.06
1316.78
-2214.98
1316.76
-2214.9
1316.73
-2214.82
1316.7
-2214.74
1316.68
-2214.66
1316.65
-2214.58
1316.63
-2214.49
1316.6
-2214.41
1316.58
-2214.33
1316.56
-2214.25
1316.54
-2214.17
1316.52
-2214.09
1316.5
-2214.01
1316.47
-2213.93
1316.46
-2213.85
1316.44
-2213.77
1316.42
-2213.69
1316.4
-2213.61
1316.38
-2213.53
1316.36
-2213.45
1316.35
-2213.37
1316.33
-2213.29
1316.32
-2213.21
1316.3
-2213.13
1316.29
-2213.05
1316.27
-2212.97
1316.26
-2212.89
1316.25
-2212.81
1316.23
-2212.73
1316.22
-2212.64
1316.21
-2212.56
1316.2
-2212.48
1316.19
-2212.4
1316.18
-2212.32
1316.17
-2212.24
1316.16
-2212.16
1316.15
-2212.08
1316.14
-2212
1316.13
-2211.92
1316.13
-2211.84
1316.12
-2211.76
1316.11
-2211.68
1316.11
-2211.6
1316.1
-2211.52
1316.09
-2211.44
1316.09
-2211.36
1316.08
-2211.28
1316.08
-2211.2
1316.07
-2211.12
1316.07
-2211.04
1316.07
-2210.96
1316.06
-2210.88
1316.06
-2210.79
1316.06
-2210.71
1316.06
-2210.63
1316.05
-2210.55
1316.05
-2210.47
1316.05
-2210.39
1316.05
-2210.31
1316.05
-2210.23
1316.05
-2210.15
1316.05
-2210.07
1316.05
-2209.99
1316.05
-2209.91
1316.05
-2209.83
1316.05
-2209.75
1316.05
-2209.67
1316.05
-2209.59
1316.05
-2209.51
1316.06
-2209.43
1316.06
-2209.35
1316.06
-2209.27
1316.06
-2209.19
1316.07
-2209.11
1316.07
-2209.03
1316.07
-2208.95
1316.08
-2208.86
1316.08
-2208.78
1316.09
-2208.7
1316.09
-2208.62
1316.1
-2208.54
1316.1
-2208.46
1316.11
-2208.38
1316.11
-2208.3
1316.12
-2208.22
1316.13
-2208.14
1316.13
-2208.06
1316.14
-2207.98
1316.15
-2207.9
1316.16
-2207.82
1316.17
-2207.74
1316.17
-2207.66
1316.18
-2207.58
1316.19
-2207.5
1316.2
-2207.42
1316.21
-2207.34
1316.22
-2207.26
1316.23
-2207.18
1316.24
-2207.1
1316.25
-2207.01
1316.26
-2206.93
1316.27
-2206.85
1316.29
-2206.77
1316.3
-2206.69
1316.31
-2206.61
1316.32
-2206.53
1316.33
-2206.45
1316.35
-2206.37
1316.36
-2206.29
1316.37
-2206.21
1316.39
-2206.13
1316.4
-2206.05
1316.42
-2205.97
1316.43
-2205.89
1316.45
-2205.81
1316.46
-2205.73
1316.48
-2205.65
1316.49
-2205.57
1316.51
-2205.49
1316.53
-2205.41
1316.54
-2205.33
1316.56
-2205.25
1316.58
-2205.16
1316.59
-2205.08
1316.61
-2205
1316.63
-2204.92
1316.65
-2204.84
1316.67
-2204.76
1316.69
-2204.68
1316.71
-2204.6
1316.73
-2204.52
1316.75
-2204.44
1316.77
-2204.36
1316.79
-2204.28
1316.81
-2204.2
1316.83
-2204.12
1316.85
-2204.04
1316.87
-2203.96
1316.89
-2203.88
1316.92
-2203.8
1316.94
-2203.72
1316.96
-2203.64
1316.98
-2203.56
1317.01
-2203.48
1317.03
-2203.4
1317.05
-2203.31
1317.08
-2203.23
1317.1
-2203.15
1317.13
-2203.07
1317.15
-2202.99
1317.18
-2202.91
1317.2
-2202.83
1317.23
-2202.75
1317.26
-2202.67
1317.28
-2202.59
1317.31
-2202.51
1317.34
-2202.43
1317.36
-2202.35
1317.39
-2202.27
1317.42
-2202.19
1317.45
-2202.11
1317.48
-2202.03
1317.5
-2201.95
1317.53
-2201.87
1317.56
-2201.79
1317.59
-2201.71
1317.62
-2201.63
1317.65
-2201.55
1317.68
-2201.47
1317.71
-2201.38
1317.74
-2201.3
1317.78
-2201.22
1317.81
-2201.14
1317.84
-2201.06
1317.87
-2200.98
1317.9
-2200.9
1317.94
-2200.82
1317.97
-2200.74
1318
-2200.66
1318.03
-2200.58
1318.07
-2200.5
1318.1
-2200.42
1318.14
-2200.34
1318.17
-2200.26
1318.21
-2200.18
1318.24
-2200.1
1318.28
-2200.02
1318.31
-2199.94
1318.35
-2199.86
1318.38
-2199.78
1318.42
-2199.7
1318.46
-2199.62
1318.49
-2199.53
1318.53
-2199.45
1318.57
-2199.37
1318.6
-2199.29
1318.64
-2199.21
1318.68
-2199.13
1318.72
-2199.05
1318.76
-2198.97
1318.8
-2198.89
1318.84
-2198.81
1318.87
-2198.73
1318.91
-2198.65
1318.95
-2198.57
1318.99
-2198.49
1319.03
-2198.41
1319.08
-2198.33
1319.12
-2198.25
1319.16
-2198.17
1319.2
-2198.09
1319.24
-2198.01
1319.28
-2197.93
1319.32
-2197.85
1319.37
-2197.77
1319.41
-2197.68
1319.45
-2197.6
1319.5
-2197.52
1319.54
-2197.44
1319.58
-2197.36
1319.63
-2197.28
1319.67
-2197.2
1319.72
-2197.12
1319.76
-2197.04
1319.8
-2196.96
1319.85
-2196.88
1319.9
-2196.8
1319.94
-2196.72
1319.99
-2196.64
1320.03
-2196.56
1320.08
-2196.48
1320.13
-2196.4
1320.17
-2196.32
1320.22
-2196.24
1320.27
-2196.16
1320.31
-2196.08
1320.36
-2196
1320.41
-2195.92
1320.46
-2195.83
1320.51
-2195.75
1320.56
-2195.67
1320.61
-2195.59
1320.65
-2195.51
1320.7
-2195.43
1320.75
-2195.35
1320.8
-2195.27
1320.85
-2195.19
1320.9
-2195.11
1320.96
-2195.03
1321.01
-2194.95
1321.06
-2194.87
1321.11
-2194.79
1321.16
-2194.71
1321.21
-2194.63
1321.27
-2194.55
1321.32
-2194.47
1321.37
-2194.39
1321.42
-2194.31
1321.48
-2194.23
1321.53
-2194.15
1321.59
-2194.07
1321.64
-2193.99
1321.69
-2193.9
1321.75
-2193.82
1321.8
-2193.74
1321.86
-2193.66
1321.91
-2193.58
1321.97
-2193.5
1322.03
-2193.42
1322.08
-2193.34
1322.14
-2193.26
1322.2
-2193.18
1322.25
-2193.1
1322.31
-2193.02
1322.37
-2192.94
1322.43
-2192.86
1322.48
-2192.78
1322.54
-2192.7
1322.6
-2192.62
1322.66
-2192.54
1322.72
-2192.46
1322.78
-2192.38
1322.84
-2192.3
1322.9
-2192.22
1322.96
-2192.14
1323.02
-2192.05
1323.08
-2191.97
1323.14
-2191.89
1323.2
-2191.81
1323.26
-2191.73
1323.33
-2191.65
1323.39
-2191.57
1323.45
-2191.49
1323.51
-2191.41
1323.58
-2191.33
1323.64
-2191.25
1323.7
-2191.17
1323.77
-2191.09
1323.83
-2191.01
1323.89
-2190.93
1323.96
-2190.85
1324.02
-2190.77
1324.09
-2190.69
1324.15
-2190.61
1324.22
-2190.53
1324.29
-2190.45
1324.35
-2190.37
1324.42
-2190.29
1324.49
-2190.2
1324.55
-2190.12
1324.62
-2190.04
1324.69
-2189.96
1324.76
-2189.88
1324.82
-2189.8
1324.89
-2189.72
1324.96
-2189.64
1325.03
-2189.56
1325.1
-2189.48
1325.17
-2189.4
1325.24
-2189.32
1325.31
-2189.24
1325.38
-2189.16
1325.45
-2189.08
1325.52
-2189
1325.59
-2188.92
1325.66
-2188.84
1325.73
-2188.76
1325.8
-2188.68
1325.87
-2188.6
1325.94
-2188.52
1326.01
-2188.44
1326.09
-2188.36
1326.16
-2188.27
1326.23
-2188.19
1326.3
-2188.11
1326.37
-2188.03
1326.45
-2187.95
1326.52
-2187.87
1326.59
-2187.79
1326.67
-2187.71
1326.74
-2187.63
1326.81
-2187.55
1326.89
-2187.47
1326.96
-2187.39
1327.03
-2187.31
1327.11
-2187.23
1327.18
-2187.15
1327.26
-2187.07
1327.33
-2186.99
1327.4
-2186.91
1327.48
-2186.83
1327.55
-2186.75
1327.63
-2186.67
1327.7
-2186.59
1327.78
-2186.51
1327.85
-2186.42
1327.93
-2186.34
1328
-2186.26
1328.08
-2186.18
1328.15
-2186.1
1328.23
-2186.02
1328.3
-2185.94
1328.38
-2185.86
1328.45
-2185.78
1328.53
-2185.7
1328.6
-2185.62
1328.68
-2185.54
1328.76
-2185.46
1328.83
-2185.38
1328.91
-2185.3
1328.98
-2185.22
1329.06
-2185.14
1329.14
-2185.06
1329.21
-2184.98
1329.29
-2184.9
1329.36
-2184.82
1329.44
-2184.74
1329.51
-2184.66
1329.59
-2184.57
1329.67
-2184.49
1329.74
-2184.41
1329.82
-2184.33
1329.89
-2184.25
1329.97
-2184.17
1330.05
-2184.09
1330.12
-2184.01
1330.2
-2183.93
1330.27
-2183.85
1330.35
-2183.77
1330.42
-2183.69
1330.5
-2183.61
1330.58
-2183.53
1330.65
-2183.45
1330.73
-2183.37
1330.8
-2183.29
1330.88
-2183.21
1330.95
-2183.13
1331.03
-2183.05
1331.11
-2182.97
1331.18
-2182.89
1331.26
-2182.81
1331.33
-2182.72
1331.41
-2182.64
1331.48
-2182.56
1331.56
-2182.48
1331.63
-2182.4
1331.71
-2182.32
1331.79
-2182.24
1331.86
-2182.16
1331.94
-2182.08
1332.01
-2182
1332.09
-2181.92
1332.16
-2181.84
1332.24
-2181.76
1332.32
-2181.68
1332.39
-2181.6
1332.47
-2181.52
1332.54
-2181.44
1332.62
-2181.36
1332.7
-2181.28
1332.77
-2181.2
1332.85
-2181.12
1332.92
-2181.04
1333
-2180.96
1333.08
-2180.88
1333.15
-2180.79
1333.23
-2180.71
1333.3
-2180.63
1333.38
-2180.55
1333.46
-2180.47
1333.53
-2180.39
1333.61
-2180.31
1333.69
-2180.23
1333.76
-2180.15
1333.84
-2180.07
1333.92
-2179.99
1333.99
-2179.91
1334.07
-2179.83
1334.15
-2179.75
1334.22
-2179.67
1334.3
-2179.59
1334.38
-2179.51
1334.45
-2179.43
1334.53
-2179.35
1334.61
-2179.27
1334.69
-2179.19
1334.76
-2179.11
1334.84
-2179.03
1334.92
-2178.94
1335
-2178.86
1335.07
-2178.78
1335.15
-2178.7
1335.23
-2178.62
1335.31
-2178.54
1335.39
-2178.46
1335.47
-2178.38
1335.54
-2178.3
1335.62
-2178.22
1335.7
-2178.14
1335.78
-2178.06
1335.86
-2177.98
1335.94
-2177.9
1336.02
-2177.82
1336.1
-2177.74
1336.18
-2177.66
1336.26
-2177.58
1336.33
-2177.5
1336.41
-2177.42
1336.49
-2177.34
1336.57
-2177.26
1336.65
-2177.18
1336.73
-2177.09
1336.82
-2177.01
1336.9
-2176.93
1336.98
-2176.85
1337.06
-2176.77
1337.14
-2176.69
1337.22
-2176.61
1337.3
-2176.53
1337.38
-2176.45
1337.46
-2176.37
1337.54
-2176.29
1337.63
-2176.21
1337.71
-2176.13
1337.79
-2176.05
1337.87
-2175.97
1337.95
-2175.89
1338.04
-2175.81
1338.12
-2175.73
1338.2
-2175.65
1338.28
-2175.57
1338.37
-2175.49
1338.45
-2175.41
1338.53
-2175.33
1338.62
-2175.24
1338.7
-2175.16
1338.78
-2175.08
1338.87
-2175
1338.95
-2174.92
1339.03
-2174.84
1339.12
-2174.76
1339.2
-2174.68
1339.28
-2174.6
1339.37
-2174.52
1339.45
-2174.44
1339.53
-2174.36
1339.62
-2174.28
1339.7
-2174.2
1339.79
-2174.12
1339.87
-2174.04
1339.95
-2173.96
1340.04
-2173.88
1340.12
-2173.8
1340.21
-2173.72
1340.29
-2173.64
1340.38
-2173.56
1340.46
-2173.48
1340.54
-2173.4
1340.63
-2173.31
1340.71
-2173.23
1340.8
-2173.15
1340.88
-2173.07
1340.97
-2172.99
1341.05
-2172.91
1341.14
-2172.83
1341.22
-2172.75
1341.31
-2172.67
1341.39
-2172.59
1341.48
-2172.51
1341.56
-2172.43
1341.64
-2172.35
1341.73
-2172.27
1341.81
-2172.19
1341.9
-2172.11
1341.98
-2172.03
1342.07
-2171.95
1342.15
-2171.87
1342.24
-2171.79
1342.32
-2171.71
1342.41
-2171.63
1342.49
-2171.55
1342.58
-2171.46
1342.66
-2171.38
1342.74
-2171.3
1342.83
-2171.22
1342.91
-2171.14
1343
-2171.06
1343.08
-2170.98
1343.17
-2170.9
1343.25
-2170.82
1343.33
-2170.74
1343.42
-2170.66
1343.5
-2170.58
1343.59
-2170.5
1343.67
-2170.42
1343.75
-2170.34
1343.84
-2170.26
1343.92
-2170.18
1344
-2170.1
1344.09
-2170.02
1344.17
-2169.94
1344.25
-2169.86
1344.34
-2169.78
1344.42
-2169.7
1344.5
-2169.61
1344.59
-2169.53
1344.67
-2169.45
1344.75
-2169.37
1344.84
-2169.29
1344.92
-2169.21
1345
-2169.13
1345.08
-2169.05
1345.17
-2168.97
1345.25
-2168.89
1345.33
-2168.81
1345.41
-2168.73
1345.49
-2168.65
1345.58
-2168.57
1345.66
-2168.49
1345.74
-2168.41
1345.82
-2168.33
1345.9
-2168.25
1345.98
-2168.17
1346.06
-2168.09
1346.14
-2168.01
1346.23
-2167.93
1346.31
-2167.85
1346.39
-2167.76
1346.47
-2167.68
1346.55
-2167.6
1346.63
-2167.52
1346.71
-2167.44
1346.79
-2167.36
1346.87
-2167.28
1346.95
-2167.2
1347.03
-2167.12
1347.11
-2167.04
1347.19
-2166.96
1347.27
-2166.88
1347.35
-2166.8
1347.43
-2166.72
1347.51
-2166.64
1347.59
-2166.56
1347.67
-2166.48
1347.74
-2166.4
1347.82
-2166.32
1347.9
-2166.24
1347.98
-2166.16
1348.06
-2166.08
1348.14
-2166
1348.22
-2165.92
1348.3
-2165.83
1348.38
-2165.75
1348.46
-2165.67
1348.53
-2165.59
1348.61
-2165.51
1348.69
-2165.43
1348.77
-2165.35
1348.85
-2165.27
1348.93
-2165.19
1349
-2165.11
1349.08
-2165.03
1349.16
-2164.95
1349.24
-2164.87
1349.32
-2164.79
1349.4
-2164.71
1349.47
-2164.63
1349.55
-2164.55
1349.63
-2164.47
1349.71
-2164.39
1349.79
-2164.31
1349.86
-2164.23
1349.94
-2164.15
1350.02
-2164.07
1350.1
-2163.98
1350.17
-2163.9
1350.25
-2163.82
1350.33
-2163.74
1350.41
-2163.66
1350.49
-2163.58
1350.56
-2163.5
1350.64
-2163.42
1350.72
-2163.34
1350.8
-2163.26
1350.87
-2163.18
1350.95
-2163.1
1351.03
-2163.02
1351.11
-2162.94
1351.18
-2162.86
1351.26
-2162.78
1351.34
-2162.7
1351.42
-2162.62
1351.49
-2162.54
1351.57
-2162.46
1351.65
-2162.38
1351.73
-2162.3
1351.8
-2162.22
1351.88
-2162.13
1351.96
-2162.05
1352.04
-2161.97
1352.12
-2161.89
1352.19
-2161.81
1352.27
-2161.73
1352.35
-2161.65
1352.43
-2161.57
1352.5
-2161.49
1352.58
-2161.41
1352.66
-2161.33
1352.74
-2161.25
1352.82
-2161.17
1352.89
-2161.09
1352.97
-2161.01
1353.05
-2160.93
1353.13
-2160.85
1353.21
-2160.77
1353.28
-2160.69
1353.36
-2160.61
1353.44
-2160.53
1353.52
-2160.45
1353.6
-2160.37
1353.67
-2160.28
1353.75
-2160.2
1353.83
-2160.12
1353.91
-2160.04
1353.99
-2159.96
1354.07
-2159.88
1354.15
-2159.8
1354.22
-2159.72
1354.3
-2159.64
1354.38
-2159.56
1354.46
-2159.48
1354.54
-2159.4
1354.62
-2159.32
1354.7
-2159.24
1354.78
-2159.16
1354.86
-2159.08
1354.93
-2159
1355.01
-2158.92
1355.09
-2158.84
1355.17
-2158.76
1355.25
-2158.68
1355.33
-2158.6
1355.41
-2158.52
1355.49
-2158.44
1355.57
-2158.35
1355.65
-2158.27
1355.73
-2158.19
1355.81
-2158.11
1355.89
-2158.03
1355.97
-2157.95
1356.05
-2157.87
1356.13
-2157.79
1356.21
-2157.71
1356.29
-2157.63
1356.37
-2157.55
1356.45
-2157.47
1356.54
-2157.39
1356.62
-2157.31
1356.7
-2157.23
1356.78
-2157.15
1356.86
-2157.07
1356.94
-2156.99
1357.02
-2156.91
1357.1
-2156.83
1357.19
-2156.75
1357.27
-2156.67
1357.35
-2156.59
1357.43
-2156.5
1357.51
-2156.42
1357.6
-2156.34
1357.68
-2156.26
1357.76
-2156.18
1357.85
-2156.1
1357.93
-2156.02
1358.01
-2155.94
1358.09
-2155.86
1358.18
-2155.78
1358.26
-2155.7
1358.34
-2155.62
1358.43
-2155.54
1358.51
-2155.46
1358.6
-2155.38
1358.68
-2155.3
1358.76
-2155.22
1358.85
-2155.14
1358.93
-2155.06
1359.02
-2154.98
1359.1
-2154.9
1359.19
-2154.82
1359.27
-2154.74
1359.36
-2154.65
1359.44
-2154.57
1359.53
-2154.49
1359.61
-2154.41
1359.7
-2154.33
1359.79
-2154.25
1359.87
-2154.17
1359.96
-2154.09
1360.05
-2154.01
1360.13
-2153.93
1360.22
-2153.85
1360.31
-2153.77
1360.39
-2153.69
1360.48
-2153.61
1360.57
-2153.53
1360.66
-2153.45
1360.74
-2153.37
1360.83
-2153.29
1360.92
-2153.21
1361.01
-2153.13
1361.1
-2153.05
1361.19
-2152.97
1361.27
-2152.89
1361.36
-2152.8
1361.45
-2152.72
1361.54
-2152.64
1361.63
-2152.56
1361.72
-2152.48
1361.81
-2152.4
1361.9
-2152.32
1361.99
-2152.24
1362.08
-2152.16
1362.18
-2152.08
1362.27
-2152
1362.36
-2151.92
1362.45
-2151.84
1362.54
-2151.76
1362.63
-2151.68
1362.73
-2151.6
1362.82
-2151.52
1362.91
-2151.44
1363
-2151.36
1363.1
-2151.28
1363.19
-2151.2
1363.28
-2151.12
1363.38
-2151.04
1363.47
-2150.96
1363.56
-2150.87
1363.66
-2150.79
1363.75
-2150.71
1363.85
-2150.63
1363.94
-2150.55
1364.04
-2150.47
1364.13
-2150.39
1364.23
-2150.31
1364.33
-2150.23
1364.42
-2150.15
1364.52
-2150.07
1364.62
-2149.99
1364.71
-2149.91
1364.81
-2149.83
1364.91
-2149.75
1365
-2149.67
1365.1
-2149.59
1365.2
-2149.51
1365.3
-2149.43
1365.4
-2149.35
1365.5
-2149.27
1365.6
-2149.19
1365.7
-2149.11
1365.8
-2149.02
1365.9
-2148.94
1366
-2148.86
1366.1
-2148.78
1366.2
-2148.7
1366.3
-2148.62
1366.4
-2148.54
1366.5
-2148.46
1366.6
-2148.38
1366.7
-2148.3
1366.81
-2148.22
