1006
2465.7
-2037.3
2467.74
-2041.43
2469.12
-2045.06
2469.78
-2048.36
2469.61
-2052.09
2468.61
-2055.38
2468.61
-2055.38
2468.62
-2055.36
2468.63
-2055.34
2468.63
-2055.33
2468.64
-2055.31
2468.65
-2055.29
2468.66
-2055.27
2468.66
-2055.25
2468.67
-2055.24
2468.68
-2055.22
2468.69
-2055.2
2468.69
-2055.18
2468.7
-2055.16
2468.71
-2055.14
2468.72
-2055.13
2468.72
-2055.11
2468.73
-2055.09
2468.74
-2055.07
2468.74
-2055.05
2468.75
-2055.04
2468.76
-2055.02
2468.77
-2055
2468.77
-2054.98
2468.78
-2054.96
2468.79
-2054.95
2468.79
-2054.93
2468.8
-2054.91
2468.81
-2054.89
2468.82
-2054.87
2468.82
-2054.86
2468.83
-2054.84
2468.84
-2054.82
2468.84
-2054.8
2468.85
-2054.78
2468.86
-2054.77
2468.86
-2054.75
2468.87
-2054.73
2468.88
-2054.71
2468.89
-2054.69
2468.89
-2054.67
2468.9
-2054.66
2468.91
-2054.64
2468.91
-2054.62
2468.92
-2054.6
2468.93
-2054.58
2468.93
-2054.57
2468.94
-2054.55
2468.95
-2054.53
2468.95
-2054.51
2468.96
-2054.49
2468.96
-2054.48
2468.97
-2054.46
2468.98
-2054.44
2468.98
-2054.42
2468.99
-2054.4
2469
-2054.39
2469
-2054.37
2469.01
-2054.35
2469.02
-2054.33
2469.02
-2054.31
2469.03
-2054.3
2469.03
-2054.28
2469.04
-2054.26
2469.05
-2054.24
2469.05
-2054.22
2469.06
-2054.2
2469.07
-2054.19
2469.07
-2054.17
2469.08
-2054.15
2469.08
-2054.13
2469.09
-2054.11
2469.1
-2054.1
2469.1
-2054.08
2469.11
-2054.06
2469.11
-2054.04
2469.12
-2054.02
2469.13
-2054.01
2469.13
-2053.99
2469.14
-2053.97
2469.14
-2053.95
2469.15
-2053.93
2469.15
-2053.92
2469.16
-2053.9
2469.17
-2053.88
2469.17
-2053.86
2469.18
-2053.84
2469.18
-2053.83
2469.19
-2053.81
2469.19
-2053.79
2469.2
-2053.77
2469.2
-2053.75
2469.21
-2053.73
2469.22
-2053.72
2469.22
-2053.7
2469.23
-2053.68
2469.23
-2053.66
2469.24
-2053.64
2469.24
-2053.63
2469.25
-2053.61
2469.25
-2053.59
2469.26
-2053.57
2469.26
-2053.55
2469.27
-2053.54
2469.27
-2053.52
2469.28
-2053.5
2469.28
-2053.48
2469.29
-2053.46
2469.29
-2053.45
2469.3
-2053.43
2469.31
-2053.41
2469.31
-2053.39
2469.32
-2053.37
2469.32
-2053.36
2469.33
-2053.34
2469.33
-2053.32
2469.34
-2053.3
2469.34
-2053.28
2469.34
-2053.26
2469.35
-2053.25
2469.35
-2053.23
2469.36
-2053.21
2469.36
-2053.19
2469.37
-2053.17
2469.37
-2053.16
2469.38
-2053.14
2469.38
-2053.12
2469.39
-2053.1
2469.39
-2053.08
2469.4
-2053.07
2469.4
-2053.05
2469.41
-2053.03
2469.41
-2053.01
2469.42
-2052.99
2469.42
-2052.98
2469.42
-2052.96
2469.43
-2052.94
2469.43
-2052.92
2469.44
-2052.9
2469.44
-2052.88
2469.45
-2052.87
2469.45
-2052.85
2469.45
-2052.83
2469.46
-2052.81
2469.46
-2052.79
2469.47
-2052.78
2469.47
-2052.76
2469.48
-2052.74
2469.48
-2052.72
2469.48
-2052.7
2469.49
-2052.69
2469.49
-2052.67
2469.5
-2052.65
2469.5
-2052.63
2469.5
-2052.61
2469.51
-2052.6
2469.51
-2052.58
2469.52
-2052.56
2469.52
-2052.54
2469.52
-2052.52
2469.53
-2052.51
2469.53
-2052.49
2469.54
-2052.47
2469.54
-2052.45
2469.54
-2052.43
2469.55
-2052.41
2469.55
-2052.4
2469.55
-2052.38
2469.56
-2052.36
2469.56
-2052.34
2469.57
-2052.32
2469.57
-2052.31
2469.57
-2052.29
2469.58
-2052.27
2469.58
-2052.25
2469.58
-2052.23
2469.59
-2052.22
2469.59
-2052.2
2469.59
-2052.18
2469.6
-2052.16
2469.6
-2052.14
2469.6
-2052.13
2469.61
-2052.11
2469.61
-2052.09
2469.61
-2052.07
2469.62
-2052.05
2469.62
-2052.04
2469.62
-2052.02
2469.63
-2052
2469.63
-2051.98
2469.63
-2051.96
2469.64
-2051.94
2469.64
-2051.93
2469.64
-2051.91
2469.64
-2051.89
2469.65
-2051.87
2469.65
-2051.85
2469.65
-2051.84
2469.66
-2051.82
2469.66
-2051.8
2469.66
-2051.78
2469.67
-2051.76
2469.67
-2051.75
2469.67
-2051.73
2469.67
-2051.71
2469.68
-2051.69
2469.68
-2051.67
2469.68
-2051.66
2469.69
-2051.64
2469.69
-2051.62
2469.69
-2051.6
2469.69
-2051.58
2469.7
-2051.57
2469.7
-2051.55
2469.7
-2051.53
2469.7
-2051.51
2469.71
-2051.49
2469.71
-2051.47
2469.71
-2051.46
2469.71
-2051.44
2469.72
-2051.42
2469.72
-2051.4
2469.72
-2051.38
2469.72
-2051.37
2469.73
-2051.35
2469.73
-2051.33
2469.73
-2051.31
2469.73
-2051.29
2469.73
-2051.28
2469.74
-2051.26
2469.74
-2051.24
2469.74
-2051.22
2469.74
-2051.2
2469.74
-2051.19
2469.75
-2051.17
2469.75
-2051.15
2469.75
-2051.13
2469.75
-2051.11
2469.76
-2051.1
2469.76
-2051.08
2469.76
-2051.06
2469.76
-2051.04
2469.76
-2051.02
2469.76
-2051
2469.77
-2050.99
2469.77
-2050.97
2469.77
-2050.95
2469.77
-2050.93
2469.77
-2050.91
2469.78
-2050.9
2469.78
-2050.88
2469.78
-2050.86
2469.78
-2050.84
2469.78
-2050.82
2469.78
-2050.81
2469.79
-2050.79
2469.79
-2050.77
2469.79
-2050.75
2469.79
-2050.73
2469.79
-2050.72
2469.79
-2050.7
2469.79
-2050.68
2469.8
-2050.66
2469.8
-2050.64
2469.8
-2050.62
2469.8
-2050.61
2469.8
-2050.59
2469.8
-2050.57
2469.8
-2050.55
2469.8
-2050.53
2469.81
-2050.52
2469.81
-2050.5
2469.81
-2050.48
2469.81
-2050.46
2469.81
-2050.44
2469.81
-2050.43
2469.81
-2050.41
2469.81
-2050.39
2469.81
-2050.37
2469.82
-2050.35
2469.82
-2050.34
2469.82
-2050.32
2469.82
-2050.3
2469.82
-2050.28
2469.82
-2050.26
2469.82
-2050.25
2469.82
-2050.23
2469.82
-2050.21
2469.82
-2050.19
2469.82
-2050.17
2469.83
-2050.15
2469.83
-2050.14
2469.83
-2050.12
2469.83
-2050.1
2469.83
-2050.08
2469.83
-2050.06
2469.83
-2050.05
2469.83
-2050.03
2469.83
-2050.01
2469.83
-2049.99
2469.83
-2049.97
2469.83
-2049.96
2469.83
-2049.94
2469.83
-2049.92
2469.83
-2049.9
2469.83
-2049.88
2469.83
-2049.87
2469.83
-2049.85
2469.83
-2049.83
2469.83
-2049.81
2469.84
-2049.79
2469.84
-2049.78
2469.84
-2049.76
2469.84
-2049.74
2469.84
-2049.72
2469.84
-2049.7
2469.84
-2049.68
2469.84
-2049.67
2469.84
-2049.65
2469.84
-2049.63
2469.84
-2049.61
2469.84
-2049.59
2469.84
-2049.58
2469.84
-2049.56
2469.84
-2049.54
2469.84
-2049.52
2469.84
-2049.5
2469.84
-2049.49
2469.84
-2049.47
2469.84
-2049.45
2469.84
-2049.43
2469.84
-2049.41
2469.83
-2049.4
2469.83
-2049.38
2469.83
-2049.36
2469.83
-2049.34
2469.83
-2049.32
2469.83
-2049.31
2469.83
-2049.29
2469.83
-2049.27
2469.83
-2049.25
2469.83
-2049.23
2469.83
-2049.21
2469.83
-2049.2
2469.83
-2049.18
2469.83
-2049.16
2469.83
-2049.14
2469.83
-2049.12
2469.83
-2049.11
2469.83
-2049.09
2469.83
-2049.07
2469.83
-2049.05
2469.82
-2049.03
2469.82
-2049.02
2469.82
-2049
2469.82
-2048.98
2469.82
-2048.96
2469.82
-2048.94
2469.82
-2048.93
2469.82
-2048.91
2469.82
-2048.89
2469.82
-2048.87
2469.82
-2048.85
2469.81
-2048.84
2469.81
-2048.82
2469.81
-2048.8
2469.81
-2048.78
2469.81
-2048.76
2469.81
-2048.74
2469.81
-2048.73
2469.81
-2048.71
2469.81
-2048.69
2469.8
-2048.67
2469.8
-2048.65
2469.8
-2048.64
2469.8
-2048.62
2469.8
-2048.6
2469.8
-2048.58
2469.8
-2048.56
2469.8
-2048.55
2469.79
-2048.53
2469.79
-2048.51
2469.79
-2048.49
2469.79
-2048.47
2469.79
-2048.46
2469.79
-2048.44
2469.79
-2048.42
2469.78
-2048.4
2469.78
-2048.38
2469.78
-2048.36
2469.78
-2048.35
2469.78
-2048.33
2469.78
-2048.31
2469.77
-2048.29
2469.77
-2048.27
2469.77
-2048.26
2469.77
-2048.24
2469.77
-2048.22
2469.76
-2048.2
2469.76
-2048.18
2469.76
-2048.17
2469.76
-2048.15
2469.76
-2048.13
2469.76
-2048.11
2469.75
-2048.09
2469.75
-2048.08
2469.75
-2048.06
2469.75
-2048.04
2469.75
-2048.02
2469.74
-2048
2469.74
-2047.99
2469.74
-2047.97
2469.74
-2047.95
2469.73
-2047.93
2469.73
-2047.91
2469.73
-2047.89
2469.73
-2047.88
2469.73
-2047.86
2469.72
-2047.84
2469.72
-2047.82
2469.72
-2047.8
2469.72
-2047.79
2469.71
-2047.77
2469.71
-2047.75
2469.71
-2047.73
2469.71
-2047.71
2469.7
-2047.7
2469.7
-2047.68
2469.7
-2047.66
2469.7
-2047.64
2469.69
-2047.62
2469.69
-2047.61
2469.69
-2047.59
2469.69
-2047.57
2469.68
-2047.55
2469.68
-2047.53
2469.68
-2047.52
2469.68
-2047.5
2469.67
-2047.48
2469.67
-2047.46
2469.67
-2047.44
2469.66
-2047.42
2469.66
-2047.41
2469.66
-2047.39
2469.66
-2047.37
2469.65
-2047.35
2469.65
-2047.33
2469.65
-2047.32
2469.64
-2047.3
2469.64
-2047.28
2469.64
-2047.26
2469.63
-2047.24
2469.63
-2047.23
2469.63
-2047.21
2469.63
-2047.19
2469.62
-2047.17
2469.62
-2047.15
2469.62
-2047.14
2469.61
-2047.12
2469.61
-2047.1
2469.61
-2047.08
2469.6
-2047.06
2469.6
-2047.05
2469.6
-2047.03
2469.59
-2047.01
2469.59
-2046.99
2469.59
-2046.97
2469.58
-2046.95
2469.58
-2046.94
2469.58
-2046.92
2469.57
-2046.9
2469.57
-2046.88
2469.57
-2046.86
2469.56
-2046.85
2469.56
-2046.83
2469.56
-2046.81
2469.55
-2046.79
2469.55
-2046.77
2469.54
-2046.76
2469.54
-2046.74
2469.54
-2046.72
2469.53
-2046.7
2469.53
-2046.68
2469.53
-2046.67
2469.52
-2046.65
2469.52
-2046.63
2469.52
-2046.61
2469.51
-2046.59
2469.51
-2046.58
2469.5
-2046.56
2469.5
-2046.54
2469.5
-2046.52
2469.49
-2046.5
2469.49
-2046.48
2469.48
-2046.47
2469.48
-2046.45
2469.48
-2046.43
2469.47
-2046.41
2469.47
-2046.39
2469.46
-2046.38
2469.46
-2046.36
2469.46
-2046.34
2469.45
-2046.32
2469.45
-2046.3
2469.44
-2046.29
2469.44
-2046.27
2469.44
-2046.25
2469.43
-2046.23
2469.43
-2046.21
2469.42
-2046.2
2469.42
-2046.18
2469.41
-2046.16
2469.41
-2046.14
2469.41
-2046.12
2469.4
-2046.1
2469.4
-2046.09
2469.39
-2046.07
2469.39
-2046.05
2469.38
-2046.03
2469.38
-2046.01
2469.38
-2046
2469.37
-2045.98
2469.37
-2045.96
2469.36
-2045.94
2469.36
-2045.92
2469.35
-2045.91
2469.35
-2045.89
2469.34
-2045.87
2469.34
-2045.85
2469.33
-2045.83
2469.33
-2045.82
2469.33
-2045.8
2469.32
-2045.78
2469.32
-2045.76
2469.31
-2045.74
2469.31
-2045.73
2469.3
-2045.71
2469.3
-2045.69
2469.29
-2045.67
2469.29
-2045.65
2469.28
-2045.63
2469.28
-2045.62
2469.27
-2045.6
2469.27
-2045.58
2469.26
-2045.56
2469.26
-2045.54
2469.25
-2045.53
2469.25
-2045.51
2469.24
-2045.49
2469.24
-2045.47
2469.23
-2045.45
2469.23
-2045.44
2469.22
-2045.42
2469.22
-2045.4
2469.21
-2045.38
2469.21
-2045.36
2469.2
-2045.35
2469.2
-2045.33
2469.19
-2045.31
2469.19
-2045.29
2469.18
-2045.27
2469.18
-2045.26
2469.17
-2045.24
2469.17
-2045.22
2469.16
-2045.2
2469.16
-2045.18
2469.15
-2045.16
2469.15
-2045.15
2469.14
-2045.13
2469.14
-2045.11
2469.13
-2045.09
2469.12
-2045.07
2469.12
-2045.06
2469.11
-2045.04
2469.11
-2045.02
2469.1
-2045
2469.1
-2044.98
2469.09
-2044.97
2469.09
-2044.95
2469.08
-2044.93
2469.08
-2044.91
2469.07
-2044.89
2469.06
-2044.88
2469.06
-2044.86
2469.05
-2044.84
2469.05
-2044.82
2469.04
-2044.8
2469.04
-2044.79
2469.03
-2044.77
2469.02
-2044.75
2469.02
-2044.73
2469.01
-2044.71
2469.01
-2044.69
2469
-2044.68
2469
-2044.66
2468.99
-2044.64
2468.98
-2044.62
2468.98
-2044.6
2468.97
-2044.59
2468.97
-2044.57
2468.96
-2044.55
2468.96
-2044.53
2468.95
-2044.51
2468.94
-2044.5
2468.94
-2044.48
2468.93
-2044.46
2468.93
-2044.44
2468.92
-2044.42
2468.91
-2044.41
2468.91
-2044.39
2468.9
-2044.37
2468.9
-2044.35
2468.89
-2044.33
2468.88
-2044.32
2468.88
-2044.3
2468.87
-2044.28
2468.87
-2044.26
2468.86
-2044.24
2468.85
-2044.22
2468.85
-2044.21
2468.84
-2044.19
2468.83
-2044.17
2468.83
-2044.15
2468.82
-2044.13
2468.82
-2044.12
2468.81
-2044.1
2468.8
-2044.08
2468.8
-2044.06
2468.79
-2044.04
2468.78
-2044.03
2468.78
-2044.01
2468.77
-2043.99
2468.77
-2043.97
2468.76
-2043.95
2468.75
-2043.94
2468.75
-2043.92
2468.74
-2043.9
2468.73
-2043.88
2468.73
-2043.86
2468.72
-2043.84
2468.71
-2043.83
2468.71
-2043.81
2468.7
-2043.79
2468.69
-2043.77
2468.69
-2043.75
2468.68
-2043.74
2468.68
-2043.72
2468.67
-2043.7
2468.66
-2043.68
2468.66
-2043.66
2468.65
-2043.65
2468.64
-2043.63
2468.64
-2043.61
2468.63
-2043.59
2468.62
-2043.57
2468.62
-2043.56
2468.61
-2043.54
2468.6
-2043.52
2468.6
-2043.5
2468.59
-2043.48
2468.58
-2043.47
2468.58
-2043.45
2468.57
-2043.43
2468.56
-2043.41
2468.55
-2043.39
2468.55
-2043.37
2468.54
-2043.36
2468.53
-2043.34
2468.53
-2043.32
2468.52
-2043.3
2468.51
-2043.28
2468.51
-2043.27
2468.5
-2043.25
2468.49
-2043.23
2468.49
-2043.21
2468.48
-2043.19
2468.47
-2043.18
2468.46
-2043.16
2468.46
-2043.14
2468.45
-2043.12
2468.44
-2043.1
2468.44
-2043.09
2468.43
-2043.07
2468.42
-2043.05
2468.42
-2043.03
2468.41
-2043.01
2468.4
-2043
2468.39
-2042.98
2468.39
-2042.96
2468.38
-2042.94
2468.37
-2042.92
2468.37
-2042.9
2468.36
-2042.89
2468.35
-2042.87
2468.34
-2042.85
2468.34
-2042.83
2468.33
-2042.81
2468.32
-2042.8
2468.31
-2042.78
2468.31
-2042.76
2468.3
-2042.74
2468.29
-2042.72
2468.29
-2042.71
2468.28
-2042.69
2468.27
-2042.67
2468.26
-2042.65
2468.26
-2042.63
2468.25
-2042.62
2468.24
-2042.6
2468.23
-2042.58
2468.23
-2042.56
2468.22
-2042.54
2468.21
-2042.53
2468.2
-2042.51
2468.2
-2042.49
2468.19
-2042.47
2468.18
-2042.45
2468.17
-2042.43
2468.17
-2042.42
2468.16
-2042.4
2468.15
-2042.38
2468.14
-2042.36
2468.14
-2042.34
2468.13
-2042.33
2468.12
-2042.31
2468.11
-2042.29
2468.11
-2042.27
2468.1
-2042.25
2468.09
-2042.24
2468.08
-2042.22
2468.08
-2042.2
2468.07
-2042.18
2468.06
-2042.16
2468.05
-2042.15
2468.05
-2042.13
2468.04
-2042.11
2468.03
-2042.09
2468.02
-2042.07
2468.01
-2042.06
2468.01
-2042.04
2468
-2042.02
2467.99
-2042
2467.98
-2041.98
2467.98
-2041.96
2467.97
-2041.95
2467.96
-2041.93
2467.95
-2041.91
2467.94
-2041.89
2467.94
-2041.87
2467.93
-2041.86
2467.92
-2041.84
2467.91
-2041.82
2467.9
-2041.8
2467.9
-2041.78
2467.89
-2041.77
2467.88
-2041.75
2467.87
-2041.73
2467.87
-2041.71
2467.86
-2041.69
2467.85
-2041.68
2467.84
-2041.66
2467.83
-2041.64
2467.83
-2041.62
2467.82
-2041.6
2467.81
-2041.58
2467.8
-2041.57
2467.79
-2041.55
2467.79
-2041.53
2467.78
-2041.51
2467.77
-2041.49
2467.76
-2041.48
2467.75
-2041.46
2467.74
-2041.44
2467.74
-2041.42
2467.73
-2041.4
2467.72
-2041.39
2467.71
-2041.37
2467.7
-2041.35
2467.7
-2041.33
2467.69
-2041.31
2467.68
-2041.3
2467.67
-2041.28
2467.66
-2041.26
2467.65
-2041.24
2467.65
-2041.22
2467.64
-2041.21
2467.63
-2041.19
2467.62
-2041.17
2467.61
-2041.15
2467.61
-2041.13
2467.6
-2041.11
2467.59
-2041.1
2467.58
-2041.08
2467.57
-2041.06
2467.56
-2041.04
2467.56
-2041.02
2467.55
-2041.01
2467.54
-2040.99
2467.53
-2040.97
2467.52
-2040.95
2467.51
-2040.93
2467.51
-2040.92
2467.5
-2040.9
2467.49
-2040.88
2467.48
-2040.86
2467.47
-2040.84
2467.46
-2040.83
2467.46
-2040.81
2467.45
-2040.79
2467.44
-2040.77
2467.43
-2040.75
2467.42
-2040.74
2467.41
-2040.72
2467.4
-2040.7
2467.4
-2040.68
2467.39
-2040.66
2467.38
-2040.64
2467.37
-2040.63
2467.36
-2040.61
2467.35
-2040.59
2467.34
-2040.57
2467.34
-2040.55
2467.33
-2040.54
2467.32
-2040.52
2467.31
-2040.5
2467.3
-2040.48
2467.29
-2040.46
2467.28
-2040.45
2467.28
-2040.43
2467.27
-2040.41
2467.26
-2040.39
2467.25
-2040.37
2467.24
-2040.36
2467.23
-2040.34
2467.22
-2040.32
2467.22
-2040.3
2467.21
-2040.28
2467.2
-2040.27
2467.19
-2040.25
2467.18
-2040.23
2467.17
-2040.21
2467.16
-2040.19
2467.15
-2040.17
2467.15
-2040.16
2467.14
-2040.14
2467.13
-2040.12
2467.12
-2040.1
2467.11
-2040.08
2467.1
-2040.07
2467.09
-2040.05
2467.08
-2040.03
2467.08
-2040.01
2467.07
-2039.99
2467.06
-2039.98
2467.05
-2039.96
2467.04
-2039.94
2467.03
-2039.92
2467.02
-2039.9
2467.01
-2039.89
2467.01
-2039.87
2467
-2039.85
2466.99
-2039.83
2466.98
-2039.81
2466.97
-2039.8
2466.96
-2039.78
2466.95
-2039.76
2466.94
-2039.74
2466.93
-2039.72
2466.93
-2039.7
2466.92
-2039.69
2466.91
-2039.67
2466.9
-2039.65
2466.89
-2039.63
2466.88
-2039.61
2466.87
-2039.6
2466.86
-2039.58
2466.85
-2039.56
2466.85
-2039.54
2466.84
-2039.52
2466.83
-2039.51
2466.82
-2039.49
2466.81
-2039.47
2466.8
-2039.45
2466.79
-2039.43
2466.78
-2039.42
2466.77
-2039.4
2466.76
-2039.38
2466.76
-2039.36
2466.75
-2039.34
2466.74
-2039.32
2466.73
-2039.31
2466.72
-2039.29
2466.71
-2039.27
2466.7
-2039.25
2466.69
-2039.23
2466.68
-2039.22
2466.67
-2039.2
2466.67
-2039.18
2466.66
-2039.16
2466.65
-2039.14
2466.64
-2039.13
2466.63
-2039.11
2466.62
-2039.09
2466.61
-2039.07
2466.6
-2039.05
2466.59
-2039.04
2466.58
-2039.02
2466.57
-2039
2466.57
-2038.98
2466.56
-2038.96
2466.55
-2038.95
2466.54
-2038.93
2466.53
-2038.91
2466.52
-2038.89
2466.51
-2038.87
2466.5
-2038.85
2466.49
-2038.84
2466.48
-2038.82
2466.47
-2038.8
2466.46
-2038.78
2466.46
-2038.76
2466.45
-2038.75
2466.44
-2038.73
2466.43
-2038.71
2466.42
-2038.69
2466.41
-2038.67
2466.4
-2038.66
2466.39
-2038.64
2466.38
-2038.62
2466.37
-2038.6
2466.36
-2038.58
2466.35
-2038.57
2466.34
-2038.55
2466.34
-2038.53
2466.33
-2038.51
2466.32
-2038.49
2466.31
-2038.48
2466.3
-2038.46
2466.29
-2038.44
2466.28
-2038.42
2466.27
-2038.4
2466.26
-2038.38
2466.25
-2038.37
2466.24
-2038.35
2466.23
-2038.33
2466.22
-2038.31
2466.22
-2038.29
2466.21
-2038.28
2466.2
-2038.26
2466.19
-2038.24
2466.18
-2038.22
2466.17
-2038.2
2466.16
-2038.19
2466.15
-2038.17
2466.14
-2038.15
2466.13
-2038.13
2466.12
-2038.11
2466.11
-2038.1
2466.1
-2038.08
2466.09
-2038.06
2466.08
-2038.04
2466.08
-2038.02
2466.07
-2038.01
2466.06
-2037.99
2466.05
-2037.97
2466.04
-2037.95
2466.03
-2037.93
2466.02
-2037.91
2466.01
-2037.9
2466
-2037.88
2465.99
-2037.86
2465.98
-2037.84
2465.97
-2037.82
2465.96
-2037.81
2465.95
-2037.79
2465.94
-2037.77
2465.94
-2037.75
2465.93
-2037.73
2465.92
-2037.72
2465.91
-2037.7
2465.9
-2037.68
2465.89
-2037.66
2465.88
-2037.64
2465.87
-2037.63
2465.86
-2037.61
2465.85
-2037.59
2465.84
-2037.57
2465.83
-2037.55
2465.82
-2037.54
2465.81
-2037.52
2465.8
-2037.5
2465.79
-2037.48
2465.78
-2037.46
2465.78
-2037.44
2465.77
-2037.43
2465.76
-2037.41
2465.75
-2037.39
2465.74
-2037.37
2465.73
-2037.35
2465.72
-2037.34
2465.71
-2037.32
