1014
582.393
603.926
583.876
605.91
585.551
607.573
587.656
609.108
590.353
610.536
594.177
611.187
597.853
610.638
601.784
609.602
606.711
608.592
612.657
607.667
619
606.778
625.096
605.778
632.272
604.939
641.107
604.274
582.393
603.926
582.452
604.016
582.51
604.104
582.569
604.192
582.628
604.279
582.687
604.365
582.745
604.449
582.804
604.533
582.863
604.616
582.921
604.698
582.98
604.779
583.039
604.86
583.098
604.939
583.156
605.017
583.215
605.095
583.274
605.171
583.332
605.247
583.391
605.322
583.45
605.396
583.509
605.47
583.567
605.542
583.626
605.614
583.685
605.685
583.743
605.755
583.802
605.824
583.861
605.892
583.92
605.96
583.978
606.027
584.037
606.093
584.096
606.159
584.154
606.224
584.213
606.288
584.272
606.351
584.331
606.414
584.389
606.476
584.448
606.537
584.507
606.597
584.565
606.657
584.624
606.717
584.683
606.775
584.742
606.833
584.8
606.891
584.859
606.947
584.918
607.004
584.976
607.059
585.035
607.114
585.094
607.168
585.153
607.222
585.211
607.275
585.27
607.328
585.329
607.38
585.387
607.432
585.446
607.483
585.505
607.534
585.564
607.584
585.622
607.633
585.681
607.682
585.74
607.731
585.798
607.779
585.857
607.827
585.916
607.874
585.975
607.921
586.033
607.967
586.092
608.013
586.151
608.059
586.209
608.104
586.268
608.148
586.327
608.193
586.386
608.237
586.444
608.28
586.503
608.323
586.562
608.366
586.62
608.408
586.679
608.451
586.738
608.492
586.797
608.534
586.855
608.575
586.914
608.616
586.973
608.656
587.031
608.696
587.09
608.736
587.149
608.776
587.208
608.815
587.266
608.854
587.325
608.893
587.384
608.932
587.442
608.97
587.501
609.008
587.56
609.046
587.619
609.084
587.677
609.122
587.736
609.159
587.795
609.196
587.853
609.233
587.912
609.27
587.971
609.306
588.03
609.342
588.088
609.378
588.147
609.414
588.206
609.45
588.264
609.485
588.323
609.52
588.382
609.555
588.441
609.589
588.499
609.623
588.558
609.657
588.617
609.691
588.675
609.724
588.734
609.757
588.793
609.79
588.852
609.823
588.91
609.855
588.969
609.887
589.028
609.919
589.086
609.95
589.145
609.981
589.204
610.011
589.263
610.042
589.321
610.072
589.38
610.101
589.439
610.13
589.497
610.159
589.556
610.188
589.615
610.216
589.674
610.244
589.732
610.271
589.791
610.298
589.85
610.325
589.908
610.351
589.967
610.377
590.026
610.402
590.085
610.427
590.143
610.452
590.202
610.476
590.261
610.5
590.319
610.523
590.378
610.546
590.437
610.568
590.496
610.59
590.554
610.612
590.613
610.633
590.672
610.654
590.73
610.674
590.789
610.694
590.848
610.713
590.907
610.732
590.965
610.751
591.024
610.769
591.083
610.787
591.141
610.804
591.2
610.821
591.259
610.837
591.318
610.853
591.376
610.869
591.435
610.884
591.494
610.899
591.552
610.914
591.611
610.928
591.67
610.941
591.729
610.955
591.787
610.968
591.846
610.98
591.905
610.992
591.963
611.004
592.022
611.015
592.081
611.026
592.14
611.037
592.198
611.047
592.257
611.057
592.316
611.067
592.374
611.076
592.433
611.085
592.492
611.093
592.551
611.101
592.609
611.109
592.668
611.116
592.727
611.123
592.785
611.129
592.844
611.136
592.903
611.142
592.962
611.147
593.02
611.152
593.079
611.157
593.138
611.162
593.196
611.166
593.255
611.17
593.314
611.173
593.373
611.176
593.431
611.179
593.49
611.182
593.549
611.184
593.607
611.186
593.666
611.187
593.725
611.188
593.784
611.189
593.842
611.19
593.901
611.19
593.96
611.19
594.018
611.19
594.077
611.189
594.136
611.188
594.195
611.187
594.253
611.185
594.312
611.183
594.371
611.181
594.429
611.178
594.488
611.176
594.547
611.173
594.606
611.169
594.664
611.166
594.723
611.162
594.782
611.158
594.84
611.153
594.899
611.148
594.958
611.143
595.017
611.138
595.075
611.133
595.134
611.127
595.193
611.121
595.251
611.115
595.31
611.108
595.369
611.101
595.428
611.094
595.486
611.087
595.545
611.08
595.604
611.072
595.662
611.064
595.721
611.056
595.78
611.048
595.839
611.039
595.897
611.03
595.956
611.021
596.015
611.012
596.073
611.003
596.132
610.993
596.191
610.984
596.25
610.974
596.308
610.963
596.367
610.953
596.426
610.942
596.484
610.932
596.543
610.921
596.602
610.91
596.661
610.899
596.719
610.887
596.778
610.876
596.837
610.864
596.895
610.852
596.954
610.84
597.013
610.828
597.072
610.815
597.13
610.803
597.189
610.79
597.248
610.777
597.306
610.764
597.365
610.751
597.424
610.738
597.482
610.725
597.541
610.711
597.6
610.698
597.659
610.684
597.717
610.67
597.776
610.656
597.835
610.642
597.893
610.628
597.952
610.614
598.011
610.6
598.07
610.585
598.128
610.571
598.187
610.556
598.246
610.541
598.304
610.527
598.363
610.512
598.422
610.497
598.481
610.482
598.539
610.467
598.598
610.452
598.657
610.436
598.715
610.421
598.774
610.406
598.833
610.39
598.892
610.375
598.95
610.359
599.009
610.344
599.068
610.328
599.126
610.312
599.185
610.297
599.244
610.281
599.303
610.265
599.361
610.249
599.42
610.234
599.479
610.218
599.537
610.202
599.596
610.186
599.655
610.17
599.714
610.154
599.772
610.138
599.831
610.122
599.89
610.106
599.948
610.09
600.007
610.074
600.066
610.058
600.125
610.042
600.183
610.026
600.242
610.01
600.301
609.994
600.359
609.978
600.418
609.962
600.477
609.946
600.536
609.93
600.594
609.914
600.653
609.898
600.712
609.882
600.77
609.867
600.829
609.851
600.888
609.835
600.947
609.819
601.005
609.804
601.064
609.788
601.123
609.773
601.181
609.757
601.24
609.742
601.299
609.726
601.358
609.711
601.416
609.696
601.475
609.681
601.534
609.666
601.592
609.651
601.651
609.636
601.71
609.621
601.769
609.606
601.827
609.591
601.886
609.577
601.945
609.562
602.003
609.547
602.062
609.533
602.121
609.519
602.18
609.505
602.238
609.49
602.297
609.476
602.356
609.462
602.414
609.448
602.473
609.435
602.532
609.421
602.591
609.407
602.649
609.394
602.708
609.38
602.767
609.367
602.825
609.353
602.884
609.34
602.943
609.327
603.002
609.314
603.06
609.3
603.119
609.287
603.178
609.274
603.236
609.262
603.295
609.249
603.354
609.236
603.413
609.223
603.471
609.211
603.53
609.198
603.589
609.186
603.647
609.173
603.706
609.161
603.765
609.148
603.824
609.136
603.882
609.124
603.941
609.112
604
609.1
604.058
609.088
604.117
609.076
604.176
609.064
604.235
609.052
604.293
609.04
604.352
609.028
604.411
609.017
604.469
609.005
604.528
608.993
604.587
608.982
604.646
608.97
604.704
608.959
604.763
608.948
604.822
608.936
604.88
608.925
604.939
608.914
604.998
608.902
605.057
608.891
605.115
608.88
605.174
608.869
605.233
608.858
605.291
608.847
605.35
608.836
605.409
608.825
605.468
608.814
605.526
608.803
605.585
608.793
605.644
608.782
605.702
608.771
605.761
608.76
605.82
608.75
605.879
608.739
605.937
608.729
605.996
608.718
606.055
608.708
606.113
608.697
606.172
608.687
606.231
608.676
606.29
608.666
606.348
608.655
606.407
608.645
606.466
608.635
606.524
608.625
606.583
608.614
606.642
608.604
606.701
608.594
606.759
608.584
606.818
608.573
606.877
608.563
606.935
608.553
606.994
608.543
607.053
608.533
607.112
608.523
607.17
608.513
607.229
608.503
607.288
608.493
607.346
608.483
607.405
608.473
607.464
608.463
607.523
608.453
607.581
608.443
607.64
608.434
607.699
608.424
607.757
608.414
607.816
608.404
607.875
608.394
607.934
608.385
607.992
608.375
608.051
608.365
608.11
608.356
608.168
608.346
608.227
608.336
608.286
608.327
608.345
608.317
608.403
608.308
608.462
608.298
608.521
608.289
608.579
608.279
608.638
608.27
608.697
608.26
608.756
608.251
608.814
608.241
608.873
608.232
608.932
608.223
608.99
608.213
609.049
608.204
609.108
608.195
609.167
608.185
609.225
608.176
609.284
608.167
609.343
608.158
609.401
608.148
609.46
608.139
609.519
608.13
609.578
608.121
609.636
608.112
609.695
608.103
609.754
608.093
609.812
608.084
609.871
608.075
609.93
608.066
609.989
608.057
610.047
608.048
610.106
608.039
610.165
608.03
610.223
608.021
610.282
608.013
610.341
608.004
610.4
607.995
610.458
607.986
610.517
607.977
610.576
607.968
610.634
607.959
610.693
607.951
610.752
607.942
610.811
607.933
610.869
607.924
610.928
607.916
610.987
607.907
611.045
607.898
611.104
607.89
611.163
607.881
611.222
607.872
611.28
607.864
611.339
607.855
611.398
607.847
611.456
607.838
611.515
607.83
611.574
607.821
611.633
607.813
611.691
607.804
611.75
607.796
611.809
607.787
611.867
607.779
611.926
607.77
611.985
607.762
612.044
607.754
612.102
607.745
612.161
607.737
612.22
607.729
612.278
607.72
612.337
607.712
612.396
607.704
612.455
607.695
612.513
607.687
612.572
607.679
612.631
607.671
612.689
607.662
612.748
607.654
612.807
607.646
612.866
607.638
612.924
607.63
612.983
607.622
613.042
607.614
613.1
607.605
613.159
607.597
613.218
607.589
613.277
607.581
613.335
607.573
613.394
607.565
613.453
607.557
613.511
607.549
613.57
607.541
613.629
607.533
613.688
607.525
613.746
607.517
613.805
607.509
613.864
607.501
613.922
607.493
613.981
607.485
614.04
607.477
614.099
607.469
614.157
607.461
614.216
607.453
614.275
607.446
614.333
607.438
614.392
607.43
614.451
607.422
614.51
607.414
614.568
607.406
614.627
607.398
614.686
607.39
614.744
607.382
614.803
607.374
614.862
607.366
614.921
607.358
614.979
607.35
615.038
607.342
615.097
607.335
615.155
607.327
615.214
607.319
615.273
607.311
615.332
607.303
615.39
607.295
615.449
607.287
615.508
607.279
615.566
607.271
615.625
607.263
615.684
607.255
615.743
607.247
615.801
607.239
615.86
607.231
615.919
607.223
615.977
607.215
616.036
607.207
616.095
607.199
616.154
607.191
616.212
607.183
616.271
607.175
616.33
607.167
616.388
607.158
616.447
607.15
616.506
607.142
616.565
607.134
616.623
607.126
616.682
607.118
616.741
607.11
616.799
607.101
616.858
607.093
616.917
607.085
616.976
607.077
617.034
607.068
617.093
607.06
617.152
607.052
617.21
607.043
617.269
607.035
617.328
607.027
617.387
607.018
617.445
607.01
617.504
607.001
617.563
606.993
617.621
606.985
617.68
606.976
617.739
606.968
617.798
606.959
617.856
606.95
617.915
606.942
617.974
606.933
618.032
606.925
618.091
606.916
618.15
606.907
618.209
606.898
618.267
606.89
618.326
606.881
618.385
606.872
618.443
606.863
618.502
606.854
618.561
606.846
618.62
606.837
618.678
606.828
618.737
606.819
618.796
606.81
618.854
606.801
618.913
606.792
618.972
606.782
619.031
606.773
619.089
606.764
619.148
606.755
619.207
606.746
619.265
606.736
619.324
606.727
619.383
606.718
619.442
606.708
619.5
606.699
619.559
606.689
619.618
606.68
619.676
606.671
619.735
606.661
619.794
606.652
619.853
606.642
619.911
606.632
619.97
606.623
620.029
606.613
620.087
606.604
620.146
606.594
620.205
606.584
620.264
606.575
620.322
606.565
620.381
606.555
620.44
606.545
620.498
606.536
620.557
606.526
620.616
606.516
620.675
606.506
620.733
606.496
620.792
606.486
620.851
606.477
620.909
606.467
620.968
606.457
621.027
606.447
621.086
606.437
621.144
606.427
621.203
606.417
621.262
606.407
621.32
606.397
621.379
606.388
621.438
606.378
621.497
606.368
621.555
606.358
621.614
606.348
621.673
606.338
621.731
606.328
621.79
606.318
621.849
606.308
621.908
606.298
621.966
606.288
622.025
606.278
622.084
606.268
622.142
606.258
622.201
606.248
622.26
606.238
622.319
606.228
622.377
606.218
622.436
606.209
622.495
606.199
622.553
606.189
622.612
606.179
622.671
606.169
622.73
606.159
622.788
606.149
622.847
606.139
622.906
606.13
622.964
606.12
623.023
606.11
623.082
606.1
623.141
606.09
623.199
606.081
623.258
606.071
623.317
606.061
623.375
606.051
623.434
606.042
623.493
606.032
623.552
606.022
623.61
606.013
623.669
606.003
623.728
605.994
623.786
605.984
623.845
605.974
623.904
605.965
623.963
605.955
624.021
605.946
624.08
605.937
624.139
605.927
624.197
605.918
624.256
605.908
624.315
605.899
624.374
605.89
624.432
605.88
624.491
605.871
624.55
605.862
624.608
605.853
624.667
605.844
624.726
605.835
624.785
605.826
624.843
605.816
624.902
605.807
624.961
605.799
625.019
605.79
625.078
605.781
625.137
605.772
625.196
605.763
625.254
605.754
625.313
605.746
625.372
605.737
625.43
605.728
625.489
605.72
625.548
605.711
625.607
605.702
625.665
605.694
625.724
605.685
625.783
605.677
625.841
605.669
625.9
605.66
625.959
605.652
626.018
605.644
626.076
605.635
626.135
605.627
626.194
605.619
626.252
605.611
626.311
605.603
626.37
605.595
626.428
605.587
626.487
605.579
626.546
605.571
626.605
605.563
626.663
605.555
626.722
605.547
626.781
605.539
626.839
605.532
626.898
605.524
626.957
605.516
627.016
605.508
627.074
605.501
627.133
605.493
627.192
605.486
627.25
605.478
627.309
605.471
627.368
605.463
627.427
605.456
627.485
605.448
627.544
605.441
627.603
605.433
627.661
605.426
627.72
605.419
627.779
605.412
627.838
605.404
627.896
605.397
627.955
605.39
628.014
605.383
628.072
605.376
628.131
605.369
628.19
605.362
628.249
605.355
628.307
605.348
628.366
605.341
628.425
605.334
628.483
605.327
628.542
605.32
628.601
605.313
628.66
605.307
628.718
605.3
628.777
605.293
628.836
605.286
628.894
605.28
628.953
605.273
629.012
605.266
629.071
605.26
629.129
605.253
629.188
605.247
629.247
605.24
629.305
605.234
629.364
605.227
629.423
605.221
629.482
605.215
629.54
605.208
629.599
605.202
629.658
605.195
629.716
605.189
629.775
605.183
629.834
605.177
629.893
605.171
629.951
605.164
630.01
605.158
630.069
605.152
630.127
605.146
630.186
605.14
630.245
605.134
630.304
605.128
630.362
605.122
630.421
605.116
630.48
605.11
630.538
605.104
630.597
605.098
630.656
605.092
630.715
605.086
630.773
605.08
630.832
605.075
630.891
605.069
630.949
605.063
631.008
605.057
631.067
605.052
631.126
605.046
631.184
605.04
631.243
605.035
631.302
605.029
631.36
605.023
631.419
605.018
631.478
605.012
631.537
605.007
631.595
605.001
631.654
604.996
631.713
604.99
631.771
604.985
631.83
604.979
631.889
604.974
631.948
604.968
632.006
604.963
632.065
604.958
632.124
604.952
632.182
604.947
632.241
604.942
632.3
604.936
632.359
604.931
632.417
604.926
632.476
604.921
632.535
604.916
632.593
604.91
632.652
604.905
632.711
604.9
632.77
604.895
632.828
604.89
632.887
604.885
632.946
604.88
633.004
604.875
633.063
604.87
633.122
604.865
633.181
604.86
633.239
604.855
633.298
604.85
633.357
604.845
633.415
604.84
633.474
604.835
633.533
604.83
633.592
604.825
633.65
604.82
633.709
604.815
633.768
604.811
633.826
604.806
633.885
604.801
633.944
604.796
634.003
604.791
634.061
604.787
634.12
604.782
634.179
604.777
634.237
604.772
634.296
604.768
634.355
604.763
634.414
604.758
634.472
604.754
634.531
604.749
634.59
604.744
634.648
604.74
634.707
604.735
634.766
604.73
634.825
604.726
634.883
604.721
634.942
604.717
635.001
604.712
635.059
604.708
635.118
604.703
635.177
604.699
635.236
604.694
635.294
604.69
635.353
604.685
635.412
604.681
635.47
604.676
635.529
604.672
635.588
604.667
635.647
604.663
635.705
604.658
635.764
604.654
635.823
604.65
635.881
604.645
635.94
604.641
635.999
604.637
636.058
604.632
636.116
604.628
636.175
604.623
636.234
604.619
636.292
604.615
636.351
604.61
636.41
604.606
636.469
604.602
636.527
604.598
636.586
604.593
636.645
604.589
636.703
604.585
636.762
604.581
636.821
604.576
636.88
604.572
636.938
604.568
636.997
604.564
637.056
604.559
637.114
604.555
637.173
604.551
637.232
604.547
637.291
604.542
637.349
604.538
637.408
604.534
637.467
604.53
637.525
604.526
637.584
604.522
637.643
604.517
637.702
604.513
637.76
604.509
637.819
604.505
637.878
604.501
637.936
604.497
637.995
604.492
638.054
604.488
638.113
604.484
638.171
604.48
638.23
604.476
638.289
604.472
638.347
604.468
638.406
604.463
638.465
604.459
638.524
604.455
638.582
604.451
638.641
604.447
638.7
604.443
638.758
604.439
638.817
604.435
638.876
604.431
638.935
604.426
638.993
604.422
639.052
604.418
639.111
604.414
639.169
604.41
639.228
604.406
639.287
604.402
639.346
604.398
639.404
604.394
639.463
604.39
639.522
604.385
639.58
604.381
639.639
604.377
639.698
604.373
639.757
604.369
639.815
604.365
639.874
604.361
639.933
604.357
639.991
604.353
640.05
604.348
640.109
604.344
640.168
604.34
640.226
604.336
640.285
604.332
640.344
604.328
640.402
604.324
640.461
604.32
640.52
604.316
640.579
604.311
640.637
604.307
640.696
604.303
640.755
604.299
640.813
604.295
640.872
604.291
640.931
604.286
640.99
604.282
641.048
604.278
