1008
46.8946
659.846
41.3001
666.319
33.1738
668.993
20.3619
668.788
1.99534
668.645
-18.3739
668.215
-38.6219
667.949
-59.3324
667.551
-59.3324
667.551
-59.2262
667.555
-59.1199
667.558
-59.0137
667.562
-58.9075
667.565
-58.8013
667.569
-58.695
667.572
-58.5888
667.576
-58.4826
667.579
-58.3764
667.583
-58.2701
667.586
-58.1639
667.59
-58.0577
667.593
-57.9514
667.596
-57.8452
667.6
-57.739
667.603
-57.6328
667.606
-57.5265
667.61
-57.4203
667.613
-57.3141
667.616
-57.2079
667.619
-57.1016
667.623
-56.9954
667.626
-56.8892
667.629
-56.783
667.632
-56.6767
667.635
-56.5705
667.638
-56.4643
667.641
-56.358
667.644
-56.2518
667.647
-56.1456
667.65
-56.0394
667.653
-55.9331
667.656
-55.8269
667.659
-55.7207
667.662
-55.6145
667.665
-55.5082
667.668
-55.402
667.671
-55.2958
667.674
-55.1895
667.676
-55.0833
667.679
-54.9771
667.682
-54.8709
667.685
-54.7646
667.688
-54.6584
667.69
-54.5522
667.693
-54.446
667.696
-54.3397
667.698
-54.2335
667.701
-54.1273
667.704
-54.0211
667.706
-53.9148
667.709
-53.8086
667.712
-53.7024
667.714
-53.5961
667.717
-53.4899
667.719
-53.3837
667.722
-53.2775
667.724
-53.1712
667.727
-53.065
667.729
-52.9588
667.732
-52.8526
667.734
-52.7463
667.737
-52.6401
667.739
-52.5339
667.741
-52.4276
667.744
-52.3214
667.746
-52.2152
667.748
-52.109
667.751
-52.0027
667.753
-51.8965
667.755
-51.7903
667.758
-51.6841
667.76
-51.5778
667.762
-51.4716
667.764
-51.3654
667.766
-51.2591
667.769
-51.1529
667.771
-51.0467
667.773
-50.9405
667.775
-50.8342
667.777
-50.728
667.779
-50.6218
667.782
-50.5156
667.784
-50.4093
667.786
-50.3031
667.788
-50.1969
667.79
-50.0907
667.792
-49.9844
667.794
-49.8782
667.796
-49.772
667.798
-49.6657
667.8
-49.5595
667.802
-49.4533
667.804
-49.3471
667.806
-49.2408
667.808
-49.1346
667.809
-49.0284
667.811
-48.9222
667.813
-48.8159
667.815
-48.7097
667.817
-48.6035
667.819
-48.4972
667.821
-48.391
667.822
-48.2848
667.824
-48.1786
667.826
-48.0723
667.828
-47.9661
667.83
-47.8599
667.831
-47.7537
667.833
-47.6474
667.835
-47.5412
667.837
-47.435
667.838
-47.3287
667.84
-47.2225
667.842
-47.1163
667.843
-47.0101
667.845
-46.9038
667.847
-46.7976
667.848
-46.6914
667.85
-46.5852
667.851
-46.4789
667.853
-46.3727
667.855
-46.2665
667.856
-46.1603
667.858
-46.054
667.859
-45.9478
667.861
-45.8416
667.862
-45.7353
667.864
-45.6291
667.866
-45.5229
667.867
-45.4167
667.869
-45.3104
667.87
-45.2042
667.872
-45.098
667.873
-44.9918
667.874
-44.8855
667.876
-44.7793
667.877
-44.6731
667.879
-44.5668
667.88
-44.4606
667.882
-44.3544
667.883
-44.2482
667.884
-44.1419
667.886
-44.0357
667.887
-43.9295
667.889
-43.8233
667.89
-43.717
667.891
-43.6108
667.893
-43.5046
667.894
-43.3984
667.895
-43.2921
667.897
-43.1859
667.898
-43.0797
667.899
-42.9734
667.901
-42.8672
667.902
-42.761
667.903
-42.6548
667.905
-42.5485
667.906
-42.4423
667.907
-42.3361
667.908
-42.2299
667.91
-42.1236
667.911
-42.0174
667.912
-41.9112
667.913
-41.8049
667.915
-41.6987
667.916
-41.5925
667.917
-41.4863
667.918
-41.38
667.919
-41.2738
667.921
-41.1676
667.922
-41.0614
667.923
-40.9551
667.924
-40.8489
667.925
-40.7427
667.927
-40.6364
667.928
-40.5302
667.929
-40.424
667.93
-40.3178
667.931
-40.2115
667.932
-40.1053
667.933
-39.9991
667.935
-39.8929
667.936
-39.7866
667.937
-39.6804
667.938
-39.5742
667.939
-39.468
667.94
-39.3617
667.941
-39.2555
667.942
-39.1493
667.944
-39.043
667.945
-38.9368
667.946
-38.8306
667.947
-38.7244
667.948
-38.6181
667.949
-38.5119
667.95
-38.4057
667.951
-38.2995
667.952
-38.1932
667.953
-38.087
667.954
-37.9808
667.955
-37.8745
667.957
-37.7683
667.958
-37.6621
667.959
-37.5559
667.96
-37.4496
667.961
-37.3434
667.962
-37.2372
667.963
-37.131
667.964
-37.0247
667.965
-36.9185
667.966
-36.8123
667.967
-36.706
667.968
-36.5998
667.969
-36.4936
667.97
-36.3874
667.971
-36.2811
667.972
-36.1749
667.973
-36.0687
667.974
-35.9625
667.975
-35.8562
667.976
-35.75
667.978
-35.6438
667.979
-35.5376
667.98
-35.4313
667.981
-35.3251
667.982
-35.2189
667.983
-35.1126
667.984
-35.0064
667.985
-34.9002
667.986
-34.794
667.987
-34.6877
667.988
-34.5815
667.989
-34.4753
667.99
-34.3691
667.991
-34.2628
667.992
-34.1566
667.993
-34.0504
667.994
-33.9441
667.995
-33.8379
667.996
-33.7317
667.997
-33.6255
667.998
-33.5192
667.999
-33.413
668
-33.3068
668.001
-33.2006
668.002
-33.0943
668.004
-32.9881
668.005
-32.8819
668.006
-32.7756
668.007
-32.6694
668.008
-32.5632
668.009
-32.457
668.01
-32.3507
668.011
-32.2445
668.012
-32.1383
668.013
-32.0321
668.014
-31.9258
668.015
-31.8196
668.016
-31.7134
668.017
-31.6072
668.019
-31.5009
668.02
-31.3947
668.021
-31.2885
668.022
-31.1822
668.023
-31.076
668.024
-30.9698
668.025
-30.8636
668.026
-30.7573
668.027
-30.6511
668.029
-30.5449
668.03
-30.4387
668.031
-30.3324
668.032
-30.2262
668.033
-30.12
668.034
-30.0137
668.035
-29.9075
668.037
-29.8013
668.038
-29.6951
668.039
-29.5888
668.04
-29.4826
668.041
-29.3764
668.043
-29.2702
668.044
-29.1639
668.045
-29.0577
668.046
-28.9515
668.047
-28.8453
668.049
-28.739
668.05
-28.6328
668.051
-28.5266
668.052
-28.4203
668.053
-28.3141
668.055
-28.2079
668.056
-28.1017
668.057
-27.9954
668.059
-27.8892
668.06
-27.783
668.061
-27.6768
668.062
-27.5705
668.064
-27.4643
668.065
-27.3581
668.066
-27.2518
668.068
-27.1456
668.069
-27.0394
668.07
-26.9332
668.072
-26.8269
668.073
-26.7207
668.074
-26.6145
668.076
-26.5083
668.077
-26.402
668.078
-26.2958
668.08
-26.1896
668.081
-26.0833
668.083
-25.9771
668.084
-25.8709
668.086
-25.7647
668.087
-25.6584
668.088
-25.5522
668.09
-25.446
668.091
-25.3398
668.093
-25.2335
668.094
-25.1273
668.096
-25.0211
668.097
-24.9149
668.099
-24.8086
668.1
-24.7024
668.102
-24.5962
668.103
-24.4899
668.105
-24.3837
668.107
-24.2775
668.108
-24.1713
668.11
-24.065
668.111
-23.9588
668.113
-23.8526
668.114
-23.7464
668.116
-23.6401
668.118
-23.5339
668.119
-23.4277
668.121
-23.3214
668.123
-23.2152
668.124
-23.109
668.126
-23.0028
668.128
-22.8965
668.13
-22.7903
668.131
-22.6841
668.133
-22.5779
668.135
-22.4716
668.137
-22.3654
668.138
-22.2592
668.14
-22.1529
668.142
-22.0467
668.144
-21.9405
668.146
-21.8343
668.147
-21.728
668.149
-21.6218
668.151
-21.5156
668.153
-21.4094
668.155
-21.3031
668.157
-21.1969
668.159
-21.0907
668.161
-20.9845
668.163
-20.8782
668.165
-20.772
668.167
-20.6658
668.169
-20.5595
668.171
-20.4533
668.173
-20.3471
668.175
-20.2409
668.177
-20.1346
668.179
-20.0284
668.181
-19.9222
668.183
-19.816
668.185
-19.7097
668.187
-19.6035
668.189
-19.4973
668.191
-19.391
668.194
-19.2848
668.196
-19.1786
668.198
-19.0724
668.2
-18.9661
668.202
-18.8599
668.205
-18.7537
668.207
-18.6475
668.209
-18.5412
668.211
-18.435
668.214
-18.3288
668.216
-18.2226
668.218
-18.1163
668.221
-18.0101
668.223
-17.9039
668.225
-17.7976
668.228
-17.6914
668.23
-17.5852
668.233
-17.479
668.235
-17.3727
668.238
-17.2665
668.24
-17.1603
668.242
-17.0541
668.245
-16.9478
668.247
-16.8416
668.25
-16.7354
668.253
-16.6291
668.255
-16.5229
668.258
-16.4167
668.26
-16.3105
668.263
-16.2042
668.265
-16.098
668.268
-15.9918
668.271
-15.8856
668.273
-15.7793
668.276
-15.6731
668.278
-15.5669
668.281
-15.4606
668.284
-15.3544
668.286
-15.2482
668.289
-15.142
668.292
-15.0357
668.295
-14.9295
668.297
-14.8233
668.3
-14.7171
668.303
-14.6108
668.305
-14.5046
668.308
-14.3984
668.311
-14.2922
668.314
-14.1859
668.316
-14.0797
668.319
-13.9735
668.322
-13.8672
668.325
-13.761
668.327
-13.6548
668.33
-13.5486
668.333
-13.4423
668.336
-13.3361
668.338
-13.2299
668.341
-13.1237
668.344
-13.0174
668.347
-12.9112
668.35
-12.805
668.352
-12.6987
668.355
-12.5925
668.358
-12.4863
668.361
-12.3801
668.364
-12.2738
668.367
-12.1676
668.369
-12.0614
668.372
-11.9552
668.375
-11.8489
668.378
-11.7427
668.381
-11.6365
668.383
-11.5302
668.386
-11.424
668.389
-11.3178
668.392
-11.2116
668.395
-11.1053
668.397
-10.9991
668.4
-10.8929
668.403
-10.7867
668.406
-10.6804
668.409
-10.5742
668.411
-10.468
668.414
-10.3618
668.417
-10.2555
668.42
-10.1493
668.423
-10.0431
668.425
-9.93684
668.428
-9.83062
668.431
-9.72439
668.434
-9.61816
668.436
-9.51194
668.439
-9.40571
668.442
-9.29948
668.445
-9.19326
668.447
-9.08703
668.45
-8.9808
668.453
-8.87457
668.455
-8.76835
668.458
-8.66212
668.461
-8.55589
668.464
-8.44967
668.466
-8.34344
668.469
-8.23721
668.472
-8.13099
668.474
-8.02476
668.477
-7.91853
668.479
-7.81231
668.482
-7.70608
668.485
-7.59985
668.487
-7.49362
668.49
-7.3874
668.492
-7.28117
668.495
-7.17494
668.498
-7.06872
668.5
-6.96249
668.503
-6.85626
668.505
-6.75003
668.508
-6.64381
668.51
-6.53758
668.513
-6.43135
668.515
-6.32513
668.518
-6.2189
668.52
-6.11267
668.522
-6.00645
668.525
-5.90022
668.527
-5.79399
668.53
-5.68776
668.532
-5.58154
668.534
-5.47531
668.537
-5.36908
668.539
-5.26286
668.541
-5.15663
668.544
-5.0504
668.546
-4.94418
668.548
-4.83795
668.55
-4.73172
668.553
-4.6255
668.555
-4.51927
668.557
-4.41304
668.559
-4.30681
668.561
-4.20059
668.563
-4.09436
668.565
-3.98813
668.567
-3.88191
668.57
-3.77568
668.572
-3.66945
668.574
-3.56322
668.576
-3.457
668.578
-3.35077
668.58
-3.24454
668.582
-3.13832
668.583
-3.03209
668.585
-2.92586
668.587
-2.81964
668.589
-2.71341
668.591
-2.60718
668.593
-2.50095
668.594
-2.39473
668.596
-2.2885
668.598
-2.18227
668.6
-2.07605
668.601
-1.96982
668.603
-1.86359
668.605
-1.75737
668.606
-1.65114
668.608
-1.54491
668.609
-1.43868
668.611
-1.33246
668.612
-1.22623
668.614
-1.12
668.615
-1.01378
668.617
-0.90755
668.618
-0.801323
668.62
-0.695096
668.621
-0.588869
668.622
-0.482642
668.624
-0.376415
668.625
-0.270188
668.626
-0.163961
668.627
-0.057734
668.628
0.048493
668.63
0.15472
668.631
0.260947
668.632
0.367174
668.633
0.473401
668.634
0.579628
668.635
0.685855
668.636
0.792082
668.637
0.898309
668.638
1.00454
668.639
1.11076
668.639
1.21699
668.64
1.32322
668.641
1.42944
668.642
1.53567
668.642
1.6419
668.643
1.74813
668.644
1.85435
668.644
1.96058
668.645
2.06681
668.645
2.17303
668.646
2.27926
668.646
2.38549
668.647
2.49171
668.647
2.59794
668.648
2.70417
668.648
2.8104
668.648
2.91662
668.648
3.02285
668.649
3.12908
668.649
3.2353
668.649
3.34153
668.649
3.44776
668.649
3.55398
668.649
3.66021
668.65
3.76644
668.65
3.87267
668.65
3.97889
668.65
4.08512
668.65
4.19135
668.65
4.29757
668.65
4.4038
668.65
4.51003
668.649
4.61625
668.649
4.72248
668.649
4.82871
668.649
4.93494
668.649
5.04116
668.649
5.14739
668.649
5.25362
668.648
5.35984
668.648
5.46607
668.648
5.5723
668.648
5.67852
668.647
5.78475
668.647
5.89098
668.647
5.99721
668.646
6.10343
668.646
6.20966
668.646
6.31589
668.646
6.42211
668.645
6.52834
668.645
6.63457
668.645
6.74079
668.644
6.84702
668.644
6.95325
668.643
7.05947
668.643
7.1657
668.643
7.27193
668.642
7.37816
668.642
7.48438
668.642
7.59061
668.641
7.69684
668.641
7.80306
668.64
7.90929
668.64
8.01552
668.64
8.12175
668.639
8.22797
668.639
8.3342
668.639
8.44043
668.638
8.54665
668.638
8.65288
668.638
8.75911
668.637
8.86533
668.637
8.97156
668.637
9.07779
668.636
9.18402
668.636
9.29024
668.636
9.39647
668.635
9.5027
668.635
9.60892
668.635
9.71515
668.635
9.82138
668.634
9.9276
668.634
10.0338
668.634
10.1401
668.634
10.2463
668.634
10.3525
668.633
10.4587
668.633
10.565
668.633
10.6712
668.633
10.7774
668.633
10.8836
668.633
10.9899
668.633
11.0961
668.633
11.2023
668.633
11.3086
668.633
11.4148
668.633
11.521
668.633
11.6272
668.633
11.7335
668.633
11.8397
668.633
11.9459
668.633
12.0521
668.634
12.1584
668.634
12.2646
668.634
12.3708
668.634
12.4771
668.635
12.5833
668.635
12.6895
668.635
12.7957
668.636
12.902
668.636
13.0082
668.637
13.1144
668.637
13.2206
668.638
13.3269
668.638
13.4331
668.639
13.5393
668.64
13.6455
668.64
13.7518
668.641
13.858
668.642
13.9642
668.643
14.0705
668.643
14.1767
668.644
14.2829
668.645
14.3891
668.646
14.4954
668.647
14.6016
668.648
14.7078
668.649
14.814
668.65
14.9203
668.652
15.0265
668.653
15.1327
668.654
15.239
668.655
15.3452
668.657
15.4514
668.658
15.5576
668.66
15.6639
668.661
15.7701
668.663
15.8763
668.664
15.9825
668.666
16.0888
668.668
16.195
668.67
16.3012
668.671
16.4075
668.673
16.5137
668.675
16.6199
668.677
16.7261
668.679
16.8324
668.681
16.9386
668.683
17.0448
668.686
17.151
668.688
17.2573
668.69
17.3635
668.693
17.4697
668.695
17.5759
668.698
17.6822
668.7
17.7884
668.703
17.8946
668.706
18.0009
668.708
18.1071
668.711
18.2133
668.714
18.3195
668.717
18.4258
668.72
18.532
668.723
18.6382
668.726
18.7444
668.73
18.8507
668.733
18.9569
668.736
19.0631
668.74
19.1694
668.743
19.2756
668.747
19.3818
668.751
19.488
668.754
19.5943
668.758
19.7005
668.762
19.8067
668.766
19.9129
668.77
20.0192
668.774
20.1254
668.778
20.2316
668.783
20.3378
668.787
20.4441
668.791
20.5503
668.796
20.6565
668.801
20.7628
668.805
20.869
668.81
20.9752
668.815
21.0814
668.82
21.1877
668.824
21.2939
668.829
21.4001
668.834
21.5063
668.839
21.6126
668.845
21.7188
668.85
21.825
668.855
21.9313
668.86
22.0375
668.865
22.1437
668.871
22.2499
668.876
22.3562
668.881
22.4624
668.887
22.5686
668.892
22.6748
668.898
22.7811
668.903
22.8873
668.908
22.9935
668.914
23.0998
668.919
23.206
668.925
23.3122
668.93
23.4184
668.936
23.5247
668.941
23.6309
668.946
23.7371
668.952
23.8433
668.957
23.9496
668.962
24.0558
668.968
24.162
668.973
24.2682
668.978
24.3745
668.984
24.4807
668.989
24.5869
668.994
24.6932
668.999
24.7994
669.004
24.9056
669.009
25.0118
669.014
25.1181
669.019
25.2243
669.024
25.3305
669.028
25.4367
669.033
25.543
669.038
25.6492
669.042
25.7554
669.047
25.8617
669.051
25.9679
669.056
26.0741
669.06
26.1803
669.064
26.2866
669.068
26.3928
669.072
26.499
669.076
26.6052
669.08
26.7115
669.083
26.8177
669.087
26.9239
669.091
27.0302
669.094
27.1364
669.097
27.2426
669.1
27.3488
669.103
27.4551
669.106
27.5613
669.109
27.6675
669.112
27.7737
669.114
27.88
669.116
27.9862
669.119
28.0924
669.121
28.1986
669.123
28.3049
669.124
28.4111
669.126
28.5173
669.127
28.6236
669.129
28.7298
669.13
28.836
669.131
28.9422
669.132
29.0485
669.132
29.1547
669.133
29.2609
669.133
29.3671
669.133
29.4734
669.133
29.5796
669.133
29.6858
669.133
29.7921
669.132
29.8983
669.131
30.0045
669.13
30.1107
669.129
30.217
669.127
30.3232
669.126
30.4294
669.124
30.5356
669.122
30.6419
669.12
30.7481
669.117
30.8543
669.114
30.9605
669.111
31.0668
669.108
31.173
669.105
31.2792
669.101
31.3855
669.097
31.4917
669.093
31.5979
669.089
31.7041
669.084
31.8104
669.079
31.9166
669.074
32.0228
669.069
32.129
669.063
32.2353
669.057
32.3415
669.051
32.4477
669.045
32.554
669.038
32.6602
669.031
32.7664
669.024
32.8726
669.016
32.9789
669.008
33.0851
669
33.1913
668.992
33.2975
668.983
33.4038
668.974
33.51
668.964
33.6162
668.955
33.7225
668.945
33.8287
668.934
33.9349
668.923
34.0411
668.912
34.1474
668.901
34.2536
668.889
34.3598
668.876
34.466
668.863
34.5723
668.849
34.6785
668.835
34.7847
668.821
34.8909
668.806
34.9972
668.79
35.1034
668.774
35.2096
668.758
35.3159
668.74
35.4221
668.722
35.5283
668.704
35.6345
668.685
35.7408
668.665
35.847
668.644
35.9532
668.623
36.0594
668.601
36.1657
668.579
36.2719
668.555
36.3781
668.531
36.4844
668.506
36.5906
668.481
36.6968
668.454
36.803
668.427
36.9093
668.399
37.0155
668.37
37.1217
668.34
37.2279
668.31
37.3342
668.278
37.4404
668.246
37.5466
668.212
37.6529
668.178
37.7591
668.143
37.8653
668.106
37.9715
668.069
38.0778
668.031
38.184
667.992
38.2902
667.952
38.3964
667.91
38.5027
667.868
38.6089
667.825
38.7151
667.78
38.8213
667.735
38.9276
667.688
39.0338
667.64
39.14
667.591
39.2463
667.541
39.3525
667.489
39.4587
667.437
39.5649
667.383
39.6712
667.328
39.7774
667.272
39.8836
667.214
39.9898
667.156
40.0961
667.095
40.2023
667.034
40.3085
666.971
40.4148
666.907
40.521
666.842
40.6272
666.775
40.7334
666.707
40.8397
666.637
40.9459
666.566
41.0521
666.494
41.1583
666.42
41.2646
666.345
41.3708
666.268
41.477
666.189
41.5833
666.11
41.6895
666.028
41.7957
665.945
41.9019
665.861
42.0082
665.775
42.1144
665.687
42.2206
665.598
42.3268
665.507
42.4331
665.415
42.5393
665.32
42.6455
665.225
42.7517
665.127
42.858
665.028
42.9642
664.927
43.0704
664.824
43.1767
664.72
43.2829
664.614
43.3891
664.506
43.4953
664.396
43.6016
664.285
43.7078
664.171
43.814
664.056
43.9202
663.939
44.0265
663.82
44.1327
663.699
44.2389
663.577
44.3452
663.452
44.4514
663.326
44.5576
663.197
44.6638
663.067
44.7701
662.934
44.8763
662.8
44.9825
662.663
45.0887
662.525
45.195
662.384
45.3012
662.242
45.4074
662.097
45.5136
661.95
45.6199
661.802
45.7261
661.651
45.8323
661.498
45.9386
661.342
46.0448
661.185
46.151
661.025
46.2572
660.864
46.3635
660.7
46.4697
660.533
46.5759
660.365
46.6821
660.194
46.7884
660.021
